datasets/children/data/gpw_v4_population_density_adjusted_to_2015_unwpp_country_totals_rev10_2015_1_deg.asc
ncols         360
nrows         145
xllcorner     -180
yllcorner     -60
cellsize      1.0000000000001
NODATA_value  -9999
[rows 32 to 63 of 145, columns 213 to 283 of 360]
19.25554 14.68711 28.08783 49.98811 20.31447 33.8493 96.58512 31.68727 66.55285 15.54689 17.56863 16.91533 13.5268 13.70385 20.53604 17.4726 20.19827 13.06678 8.610266 18.92176 10.37992 7.204607 19.5171 10.62132 4.727221 17.85736 4.971451 6.588717 3.943623 6.923105 16.04427 4.807021 2.08347 3.155915 3.123572 4.330712 11.6847 6.58236 2.044571 1.837796 1.5534 4.429118 4.349618 19.32195 35.13336 9.885982 7.604238 7.061389 7.863655 10.49322 6.36797 17.38007 29.70996 3.867225 2.797468 3.319625 1.481393 5.331446 5.806695 1.549491 1.23073 1.633309 0.8610241 0.1423982 0.1423983 0.2112299 0.205204 0.3986515 1.524029 3.595369 50.53736
47.03986 22.67541 28.44779 73.51637 42.414 38.19135 165.2048 20.70561 17.812 26.81335 18.22218 10.54012 101.2278 74.58951 26.50015 13.26022 7.199984 16.89442 19.2 11.05383 7.274673 10.30907 80.28626 7.282105 10.78741 52.46799 8.126065 4.737756 3.079962 1.139264 1.67362 1.049665 1.782718 1.878385 1.730264 3.835575 3.474569 27.39963 56.38298 8.47756 2.322655 6.940177 5.36928 4.273278 5.125213 1.84809 3.644987 4.757355 27.12255 6.120104 3.365261 4.515914 12.17995 5.412341 1.047075 0.7996269 1.27017 3.502125 2.228878 2.672482 2.600444 17.29783 0.8327114 0.4065805 0.3806373 0.369391 0.421489 0.5920649 0.8582074 1.88403 7.613118
29.89543 66.89174 31.84721 189.5763 31.41298 27.72687 30.19841 23.79429 14.18301 13.30468 16.70497 10.10547 29.77683 8.510053 6.06475 5.856921 3.480801 6.329562 4.702958 2.286232 2.767224 2.967883 2.598175 10.68884 59.87176 3.265194 3.237209 1.368517 0.8520617 0.5790697 0.4305864 0.5338048 0.6757081 1.699339 1.829855 1.947437 0.931688 12.2021 41.76872 9.295721 17.70981 28.68838 2.291449 1.113213 1.566618 2.788189 7.908712 9.418589 12.47889 11.52393 10.96129 4.097339 1.463382 1.31747 0.9246005 0.7022753 1.019743 1.353144 1.884017 3.243495 1.299989 1.253832 0.9688036 0.5726702 0.2022632 0.5271786 0.6567746 0.8435213 0.3849539 1.036243 1.632315
71.98612 65.16517 31.75641 145.6375 33.21645 25.85238 18.9476 15.99372 8.79182 6.343831 11.25301 8.779149 9.346859 3.873141 1.857576 1.885906 1.538887 1.28257 1.495213 1.508501 1.545937 1.600762 1.959959 3.232078 3.10515 2.497381 1.513964 0.5411465 0.4911646 0.450772 0.3709823 0.3969109 0.6515262 1.410604 1.537327 0.518419 0.4673397 0.4934114 2.315808 18.69807 29.11078 13.01172 1.413553 2.267839 10.71085 8.445107 2.849868 2.396263 6.624156 24.96999 11.58952 4.577535 2.041979 1.570172 0.9165946 1.093482 2.0321 1.013494 2.096421 0.7656011 0.5632138 0.5841522 0.8523033 0.547103 0.5609884 0.7571205 1.038934 5.78034 1.462927 0.8829302 0.5468205
59.72853 120.1082 125.6433 33.98439 188.9168 223.3019 132.7022 40.54974 14.3003 8.606837 12.39644 189.1521 9.151353 8.618434 1.62268 1.087875 1.150523 1.686654 2.324235 1.918377 1.336857 1.298198 0.7064025 1.079445 2.162755 1.586289 0.9827745 0.5308755 0.4131873 0.3582012 0.3653196 0.9601711 1.26454 1.358846 1.360538 1.31679 0.9545984 0.7395969 0.7851794 0.6658514 0.6460825 1.431975 1.903919 1.916676 3.749729 2.665059 1.043547 1.473879 1.773483 2.092781 1.739996 1.307001 2.095735 6.994801 1.986716 3.854452 3.994996 1.249096 1.927715 0.5703493 0.3124433 0.3494894 0.4536332 0.3982904 0.6077995 1.164005 1.312169 1.254096 1.321972 1.094972 2.060129
91.99973 65.63157 128.8384 22.28798 177.362 98.58982 210.8253 83.47693 19.67582 34.36618 7.337921 3.049536 2.429965 5.002872 5.021593 4.078594 2.499721 2.042842 6.874133 16.36787 3.659255 2.380157 0.4354309 0.3509299 0.5183674 0.7950851 0.7339956 0.8094165 1.448018 0.8306473 0.8643454 1.324055 1.360538 1.360537 1.360538 1.356989 0.9208732 0.7852866 0.7354718 0.6498852 0.843619 1.525645 2.177531 2.171436 1.715495 1.677263 1.586159 2.527849 2.423173 2.160129 2.522826 2.846426 5.388664 8.853895 20.99853 10.2864 3.132653 1.640871 3.223133 0.7289 0.415181 0.2982756 0.3400584 2.156006 0.3707231 0.4926871 0.6726372 0.9100597 3.375326 1.931031 1.55241
43.77395 22.82657 59.97055 69.96043 54.41401 49.01003 36.17169 23.56927 21.81476 10.9952 5.039137 15.12747 1.371111 2.899363 31.01074 59.07163 3.658372 1.946572 81.93675 75.18726 2.723168 2.530904 1.773117 0.7490689 0.4072132 0.7271119 1.119869 1.685127 1.75951 1.974946 3.448512 1.635859 1.32906 1.350082 1.359025 1.259533 0.7885617 0.7852867 0.692152 0.6460826 1.117057 1.911107 1.297342 1.963028 2.237434 2.748768 2.598396 2.478159 3.057014 16.8884 35.94688 6.261871 4.264542 2.548075 4.397042 2.736751 4.373519 6.277253 0.8914977 0.5373924 0.5125361 0.3864708 0.8040783 1.667238 0.4211946 0.4411479 0.6824924 4.061977 1.64482 4.858526 1.295336
65.64743 49.65126 69.61921 105.5106 82.01442 98.57854 110.1926 63.248 68.53442 36.60932 15.04375 6.489651 2.538573 2.970036 10.3707 18.01301 17.33751 2.936394 2.854615 0.7941018 1.730386 1.940777 1.944252 2.602742 4.502378 5.54352 4.201954 1.758046 1.903086 2.173284 4.180466 2.476159 11.10241 1.584708 1.652686 1.402121 1.292523 1.223132 0.9680495 0.6559985 0.6662171 0.8864154 0.8873147 1.691213 2.485121 10.1049 3.26656 2.787698 7.41679 5.454372 6.693752 39.72898 12.10177 1.198022 0.03554406 0.1745808 0.3187994 0.9367264 0.7341876 0.2208629 0.2341486 0.2293257 0.3414361 0.340703 0.3543885 0.4468622 0.3935219 0.4671003 0.7570155 0.530815 0.63231
213.6796 211.6253 68.72838 -9999 226.9781 65.15169 60.2603 45.43699 73.84475 71.65028 73.72694 24.10369 10.31783 7.830908 17.10437 -9999 2.936394 2.936343 1.473206 0.7304893 0.7261026 1.496991 1.274744 11.31535 11.31535 11.31535 11.31535 6.21207 2.454292 2.780345 2.994412 1.483151 21.67652 2.576775 2.721751 1.422603 1.37842 1.808456 1.3496 0.656361 0.8134037 4.769302 5.95263 18.45247 10.71027 14.05395 15.28214 35.44587 27.42356 31.27658 5.690023 55.3502 61.48066 86.78945 78.66504 10.76322 14.33308 1.808595 0.6004315 0.180619 0.2973369 0.09962975 0.08714512 0.1622288 0.07976038 0.1391596 0.2276789 0.3667139 0.3669342 0.4526472 0.327142
-9999 -9999 -9999 -9999 -9999 -9999 114.1781 41.55462 23.01609 37.64389 78.1693 90.9827 110.5914 102.4056 131.6339 -9999 -9999 2.936394 55.30465 1.979894 2.43104 2.931267 2.45317 11.31535 11.31535 11.31535 11.31535 11.31535 9.987421 6.449584 5.990841 5.584752 4.51022 3.176334 7.765749 35.77377 4.552647 10.59017 32.46848 9.595489 9.39406 20.65311 9.884961 204.8458 61.34806 23.61067 8.473386 16.11102 121.6208 41.5494 26.98781 2.812828 2.159667 6.977622 396.4453 7.8362 24.70165 10.30023 2.77522 10.56257 10.04207 2.731736 0.4976942 0.1323354 0.08557291 0.1244341 0.1502385 0.1942898 0.1964073 0.2215287 0.2257817
24.46857 126.7812 130.9092 -9999 -9999 -9999 -9999 160.6366 59.42214 58.11183 26.18555 46.22251 24.99157 40.93256 122.985 376.4688 -9999 -9999 3.054039 3.076744 3.202026 3.22383 3.056253 11.3153 11.7768 13.94375 12.84034 11.33064 11.12122 8.064899 7.852734 7.852734 7.740499 3.813629 4.748032 8.395515 143.2786 46.38154 35.86296 17.52239 14.72264 156.6504 27.67633 25.07932 15.60047 19.69459 8.624795 9.162503 7.184252 2.80157 1.332229 2.370737 4.382812 35.97121 4.611515 10.772 34.19795 9.387498 -9999 1.734955 36.45087 1.882647 0.4232568 0.06083902 0.1842016 0.4629939 0.09706094 0.3648861 0.5072903 0.5150192 0.1723814
26.41967 28.65151 56.90823 267.1668 177.7616 132.272 235.8408 170.7139 84.76573 27.45936 25.43605 173.074 68.80936 48.16891 38.20168 84.75146 52.07412 -9999 -9999 3.772993 3.952381 3.936399 3.40273 10.95475 15.54353 15.68298 15.67419 112.7847 46.67845 19.75183 8.019038 7.852733 7.852734 10.98051 17.86445 41.36644 357.2539 140.4699 100.4686 64.64686 37.57842 6.738556 9.360209 6.623466 5.934396 5.866413 25.33055 68.14238 17.88712 80.24644 21.88944 10.97933 9.606404 69.77491 2.294547 0.2586049 1.784495 -9999 -9999 -9999 0.02981189 1.031677 0.7309106 0.2240785 0.0601487 0.002545215 0.2121667 0.4889551 0.4766122 0.8644378 0.09140108
32.03093 42.59576 49.85235 62.59608 63.27487 47.7822 70.59046 37.86391 25.39573 21.35167 52.29219 220.7689 65.32691 112.3463 97.7755 56.71411 455.4566 563.2264 -9999 3.952382 3.952381 3.952382 3.952382 5.233454 14.79843 14.49255 15.61613 12.3747 11.34393 64.82318 40.11556 34.86715 18.74162 108.151 62.84743 141.7812 190.6744 233.3551 354.23 337.5741 70.81923 10.81943 2.303146 3.687464 1.474415 5.102583 11.85659 43.60201 17.53625 2.546704 0.4738842 0.1057774 0.06588309 0.5777735 0.7762247 0.2722957 0.3025881 -9999 -9999 -9999 0.1960415 13.84828 9.818191 9.740634 7.266593 8.151421 3.938743 0.1838782 0.01154734 0.08872345 0.1609293
92.43121 30.58174 32.02373 36.60239 22.0803 5.373147 23.1916 17.9546 40.6076 35.95906 63.84931 54.63738 48.76229 52.30093 67.50954 102.845 73.68804 -9999 -9999 3.952381 3.952382 3.952382 3.952382 4.390218 7.743183 7.743608 7.924886 10.90985 11.81308 14.50318 31.87997 45.97445 128.517 165.353 110.8365 47.18332 41.28888 23.21365 16.31272 14.42643 8.143342 6.909636 90.62131 129.7262 38.46099 23.91129 7.871401 -9999 -9999 -9999 -9999 -9999 -9999 0.007188953 0.3927026 0.958025 0.2722756 0.1353149 0.000159497 0.2133644 0.6710373 6.023117 1.121783 0.9204551 7.519856 75.00415 19.90209 20.9005 1.026291 1.147803 3.268734
40.6464 67.23629 135.628 19.75093 26.11496 82.00942 74.77195 70.39128 51.54966 43.59738 89.63955 62.94855 77.4884 140.5864 42.80103 154.8197 137.4384 -9999 -9999 -9999 3.952381 3.952381 5.919643 13.86002 12.32648 7.743608 7.743608 10.41565 13.76373 12.28288 11.2257 24.07379 67.06236 94.02164 111.1101 247.2296 86.71296 29.74015 8.631222 2.62529 0.4185998 1.046701 6.238589 30.46324 127.01 0.1182394 -9999 3.140435 1.703024 0.04584582 0.05061251 0.0005111939 5.253381 0.5232756 0.6161458 1.434511 0.144845 0.34123 1.314256 0.3742323 0.04891968 0.3243124 0.4260364 0.008110042 0.2090758 0.4265863 3.467443 71.19106 27.51149 64.93121 17.58774
37.81804 64.53829 85.71014 115.2272 177.6301 112.95 102.472 97.58302 120.2165 120.838 62.45055 113.1814 137.1017 135.8921 33.21035 53.31743 328.5344 265.7983 -9999 -9999 4.978379 34.66199 54.33876 17.16039 45.55172 107.707 10.79647 8.28778 13.45036 13.81343 12.34118 13.7665 16.8532 52.6552 92.51267 161.5996 145.2599 64.86198 14.1827 5.468215 0.9814669 1.388808 3.178516 8.073672 41.12279 24.54115 104.1566 30.72917 4.871494 2.094816 0.6071923 0.6884245 0.3604863 0.2271142 0.00885729 0.0008665295 0.006150146 0.1542549 1.220141 0.6605861 0.07438815 0.08594526 0.7196777 0.8350514 8.051818 3.611662 3.772213 5.592531 31.66101 95.16447 39.48172
30.61971 266.5185 406.5231 218.5291 402.8631 94.09858 48.80415 55.71931 56.34957 192.2877 140.104 147.5505 81.44117 62.6673 26.74133 53.19698 76.70132 109.7966 159.7252 222.4832 108.0835 90.80509 16.07882 9.521678 24.66294 46.02593 206.8977 69.98795 12.62198 13.81343 13.61271 31.92299 54.93222 95.03667 90.12435 108.9095 106.7305 47.37325 21.48672 20.18375 12.69489 14.2411 7.224273 0.5699649 0.3298423 1.230653 9.804453 9.41913 25.36098 2.784853 0.3280865 0.1234856 0.004150795 -9999 -9999 -9999 -9999 -9999 0.08662143 0.1527661 0.1266055 21.9767 2.370141 0.5369325 5.272329 4.290534 3.271084 15.28134 264.8734 110.4671 318.8056
159.1866 101.547 556.9362 243.9108 37.85076 29.12073 39.04107 33.55647 15.15361 38.61265 114.4324 146.1665 141.4506 79.31322 40.4567 45.26476 43.2088 233.9248 1233.494 33.61991 12.12899 6.322102 4.819768 6.219246 13.72052 44.41063 72.89375 75.4853 19.91785 23.89459 29.22231 59.58911 35.12847 35.88853 25.32608 47.63993 98.0946 17.91047 70.69378 217.4836 50.32265 24.35931 15.48877 12.4434 2.032208 0.1393525 0.1875966 0.08734681 0.4685507 0.1177384 -9999 -9999 -9999 -9999 -9999 -9999 -9999 -9999 -9999 0.01349609 0.226909 1.104976 0.1648359 0.8535209 1.049919 1.105708 4.41583 16.64767 15.41848 69.04939 232.4609
174.54 149.4312 530.814 226.5438 13.1322 2.996466 6.861567 40.56432 17.30409 19.8239 57.99461 55.73668 46.85106 83.08514 92.56764 125.8495 71.29504 84.35221 78.56775 9.830735 7.013095 5.131283 3.977691 2.98506 4.940821 10.91019 13.97956 19.54351 27.28602 132.4838 36.47729 15.57897 22.79739 34.43025 38.81879 93.86924 552.171 224.8925 655.6355 639.4303 354.3327 359.3376 93.78249 13.66041 2.484795 1.627135 0.1101013 0.1425999 0.003587587 -9999 -9999 -9999 -9999 -9999 -9999 -9999 -9999 -9999 -9999 0.1735759 0.1981798 0.6284668 2.642475 0.9329411 0.5216964 0.4665374 2.094006 6.675937 6.262373 13.89357 46.06601
-9999 -9999 700.2134 397.0772 3.954401 0.7779476 1.143973 2.326828 4.401829 28.18688 114.9193 792.9621 24.63914 40.86208 53.44761 88.66557 54.96531 49.94907 48.52917 4.885791 1.486912 1.608269 1.85109 1.343223 3.15611 6.581612 11.17242 9.683677 14.82775 21.93837 16.57891 23.44039 28.34472 33.11385 42.92284 106.4833 139.8248 180.5368 430.688 539.3411 595.6525 351.7246 246.5947 16.13948 3.205207 3.102126 0.7328036 0.2279501 0.08069281 0.008421972 0.1492273 0.2523891 0.158765 0.2065842 0.0928074 0.04926455 0.008192617 0.05413831 0.1074133 0.07686704 0.2009515 0.5417997 4.198287 7.686347 6.707909 2.293938 3.656246 4.453155 4.818335 7.279031 7.361324
-9999 2326.231 597.0288 230.9191 3.727208 0.7372171 0.6799443 0.3502758 0.3456471 3.233727 86.91826 297.4242 101.5331 50.44749 37.01897 68.87451 36.09309 56.3174 159.4111 130.2376 12.24469 27.25121 3.401903 1.778249 1.425585 11.41842 8.25728 6.280382 12.78903 27.90946 8.348203 23.88299 37.56267 25.12338 31.32753 19.40622 66.97253 227.4138 237.4103 361.6062 601.4826 1085.118 413.186 126.3871 19.28853 2.312553 1.470295 1.079842 0.4859615 0.3373148 0.6353067 0.509861 0.3310228 0.2313386 0.6859561 0.4925415 0.2545907 0.6722883 2.299286 2.365603 3.779123 1.471716 5.295774 10.17456 4.914872 6.031291 5.119993 7.380935 7.307894 5.61202 9.83667
144.4254 550.7709 516.2239 68.42539 9.580286 3.398465 3.556383 4.803603 1.378404 0.3458183 20.10093 92.73076 150.3316 128.8243 78.83614 134.183 64.22653 49.52943 34.0363 74.49455 13.6644 46.55896 8.547097 4.706955 5.460247 12.51696 2.980455 5.687143 17.28687 4.291123 16.76305 43.91104 97.72201 20.17424 21.22437 8.266622 26.96313 145.1719 177.601 543.5066 1042.096 1438.02 722.1285 393.4753 139.2888 16.57754 3.10055 0.4466333 0.3605534 0.3822504 0.6100768 0.5596213 0.9048924 0.6663501 0.8080674 1.018732 1.48958 1.87297 5.850158 8.014001 6.79417 6.104419 6.793437 8.596525 10.48608 10.00513 7.754191 10.68086 5.892072 13.88959 82.90688
4.868834 6.40023 28.62305 0.561877 4.099929 7.709105 4.972448 5.874464 6.00218 5.9681 24.89876 6.168744 11.63034 53.10289 211.752 87.67814 55.72353 39.95937 34.62797 32.09437 13.31734 5.484216 20.73295 25.65897 14.22958 17.32903 13.37131 16.49667 17.37409 4.307802 3.765064 7.113888 6.938834 97.09538 55.49841 25.00943 28.57757 196.8053 640.9445 664.7465 640.7219 462.2685 581.2799 809.8074 463.5634 261.4247 66.95378 12.293 1.585094 0.3924032 0.8483525 0.313056 0.5605355 0.7868383 0.9795167 1.086396 1.235461 3.474323 6.425485 3.125293 2.59854 3.540892 4.782402 4.052216 5.560821 6.68379 3.547158 8.404842 12.56386 36.46239 720.2181
2.165535 3.092342 18.40666 6.462033 9.882043 3.874404 2.167156 4.068607 5.781817 3.480817 3.540539 0.841083 0.3647543 14.0597 184.6278 651.1844 9.557106 60.12206 56.09317 173.9845 40.16459 11.26857 19.45304 13.16382 23.34435 20.65879 18.30651 18.25477 5.083587 1.545571 3.130495 3.305141 9.449699 35.59469 28.6785 16.22076 23.56393 333.1085 534.2374 303.6976 248.5439 234.4096 376.5428 594.2952 1081.792 663.1352 272.3692 128.6749 68.21189 13.61147 1.226859 1.005812 1.133097 2.06158 6.443249 14.65902 15.64055 12.88284 49.95642 5.116931 2.78693 7.20291 2.541378 1.615776 3.813482 5.81196 5.466266 5.909392 6.180132 81.1758 315.677
4.746497 10.43767 9.339986 11.36185 7.890235 5.184172 4.321508 7.13953 7.474923 2.896405 2.107318 4.599032 6.649341 7.989463 37.23759 59.09869 -9999 218.261 27.68076 20.00547 31.34086 24.64104 16.78934 9.543336 33.16483 18.77052 11.46888 11.43863 9.728485 3.139936 2.685258 6.483768 8.238318 20.74243 46.86513 192.9954 197.9976 343.7677 31.86722 45.71112 104.8654 132.1169 289.6287 800.54 2971.964 1045.853 966.7028 408.7835 256.9976 120.6857 112.1959 72.40826 9.490777 2.8158 5.753551 3.860166 7.766289 4.366899 4.150537 4.902944 5.083821 14.03784 11.82756 4.21383 1.535601 4.216362 8.624245 5.687536 14.47985 107.8504 106.275
25.35335 46.94441 5.531265 7.678961 5.690427 1.104284 2.072687 8.044559 8.079513 3.314541 7.621944 10.57245 7.766721 6.414513 3.503724 5.520891 56.36404 8.046376 25.31336 76.75857 21.42483 16.546 29.00378 55.89921 28.27279 12.33745 6.903217 9.32478 10.12156 9.463368 4.816316 4.975728 5.815619 14.52636 174.4691 479.1514 114.6029 31.3795 32.16419 66.36091 162.7135 222.4049 425.4321 487.3185 825.1432 1068.784 815.9455 823.4984 777.6797 637.7291 646.4783 400.7305 521.4785 81.97552 65.12153 156.0787 24.69103 8.375005 19.37276 15.1897 62.28741 205.7739 270.8853 17.18629 5.947719 9.451612 31.84656 30.36542 43.2556 147.6216 209.2306
7.030037 9.359564 5.020545 4.23641 2.836517 2.412042 2.909349 5.886551 4.795158 10.55555 25.15437 19.24628 6.338287 3.498553 1.323707 3.587088 192.0109 1478.045 19.1292 -9999 20.59368 20.31494 43.82481 55.04492 19.54418 6.098578 11.25374 13.01217 15.32934 16.10769 17.41459 13.44615 6.260422 12.57436 137.8866 277.6828 31.62395 18.96779 40.22698 165.9631 233.4424 280.6826 524.9063 347.3762 400.0664 516.645 581.8035 1224.61 927.056 1024.28 1280.139 1406.817 1498.24 890.7852 764.1342 754.1031 597.0749 433.6234 573.2537 555.3823 217.3704 250.8944 31.22757 7.121086 6.393153 14.03312 53.81306 104.4277 126.9839 107.8606 153.0745
4.092617 2.183623 -9999 5.598011 6.075475 14.1772 5.996984 6.57337 9.580282 19.20532 31.27969 18.31266 50.43301 29.88311 11.30485 3.242815 5.25187 18.86624 351.3816 39.56133 -9999 70.08594 607.7139 159.9948 3.548757 3.549157 9.706268 19.7598 29.32148 16.14571 17.07223 9.91434 9.154781 47.62561 224.0857 477.4481 182.2693 78.9433 127.2041 159.2785 189.3114 260.2195 245.2071 209.006 170.471 345.0785 309.8065 423.7279 924.6423 1294.899 1122.776 1281.678 1795.162 1334.938 1159.099 933.5523 1136.161 297.3636 299.7683 180.5032 140.9392 95.87734 15.7805 46.73201 39.69132 68.8299 103.7465 201.5107 128.3077 348.6901 221.1205
29.24023 0.262067 0.5656016 -9999 14.75155 22.79231 48.92336 23.42756 2.742192 6.210266 8.89821 10.04777 138.9269 204.4916 165.3291 4.667606 3.231942 3.117441 19.38428 39.56133 39.56133 39.56133 258.059 96.44794 67.49535 -9999 -9999 -9999 -9999 -9999 -9999 -9999 -9999 3005.413 1252.844 158.5662 88.01501 47.57706 176.9015 296.0155 278.787 273.3219 239.8858 227.839 207.4087 254.5942 195.0059 253.3067 342.9994 301.1024 379.4098 661.1969 699.7977 622.4215 681.4338 1221.081 1277.017 1427.103 905.7051 515.2578 211.0119 57.88449 34.13209 45.27177 66.84985 115.8183 128.231 100.1697 66.84829 323.2647 190.1353
0.8623167 0.2213164 0.9915762 -9999 -9999 11.00932 35.618 4.245095 14.38317 6.970381 3.683454 3.826663 3.297645 7.760238 15.48511 7.660095 3.231943 3.231943 8.793329 39.56115 39.56133 39.56133 18.55512 21.94468 82.28631 222.0528 46.68602 -9999 -9999 -9999 -9999 -9999 -9999 -9999 54.70024 38.02549 44.68395 91.62502 117.6391 747.1096 381.2215 388.7701 330.6783 272.9283 411.696 231.9636 267.8497 277.3126 167.4538 158.508 163.1122 261.2113 552.2919 939.3963 732.9227 1248.485 1091.691 3102.789 847.1993 92.07883 29.4703 46.16892 66.21311 37.99383 53.71729 61.50386 81.30392 61.91928 65.50135 134.861 161.8284
0.006314237 0.04539464 0.8715284 1.053641 -9999 74.33291 88.10159 16.05629 25.84213 11.8895 3.053865 3.008674 2.42096 1.550772 1.508828 2.98497 3.231943 3.231943 3.231943 6.224032 12.30019 18.38396 7.936492 7.042244 20.5996 14.138 28.8126 -9999 -9999 -9999 -9999 -9999 -9999 -9999 -9999 238.3995 223.6182 334.7875 240.0352 707.9529 645.7853 356.1449 419.2422 299.9568 179.7513 209.2148 220.7276 135.9674 178.195 281.7525 167.9013 243.0992 241.9086 471.233 959.8103 2866.628 718.3976 1024.228 1561.444 203.2146 16.96608 66.37417 179.1128 117.9437 45.09662 39.62944 62.23268 68.01057 30.47217 40.1651 89.86479
2.849102 2.574357 2.573133 2.57373 2.575271 1152.327 377.561 67.23022 11.35818 2.607979 2.528664 2.760331 1.40181 1.263082 1.355703 3.191293 3.231943 3.231943 3.231943 3.231943 3.231943 3.231943 3.454896 3.034179 2.520529 7.178741 19.4374 -9999 -9999 -9999 -9999 -9999 -9999 -9999 -9999 -9999 242.4073 273.3823 260.9995 1187.649 345.6501 304.9477 333.9249 238.4426 209.9071 303.1737 381.1296 252.5725 541.9844 336.182 307.6223 153.5079 186.6925 388.8017 872.9229 611.3788 189.2047 547.147 1425.174 205.9472 11.30453 90.46527 192.9999 234.173 34.00129 19.76699 30.59569 49.75331 35.90624 16.29597 88.27225
