datasets/children/data/gpw_v4_population_density_adjusted_to_2015_unwpp_country_totals_rev10_2015_1_deg.asc
ncols         360
nrows         145
xllcorner     -180
yllcorner     -60
cellsize      1.0000000000001
NODATA_value  -9999
[rows 0 to 31 of 145, columns 284 to 354 of 360]
-9999 -9999 -9999 -9999 -9999 -9999 -9999 -9999 -9999 -9999 -9999 -9999 -9999 -9999 -9999 -9999 -9999 -9999 -9999 -9999 -9999 -9999 -9999 -9999 -9999 -9999 -9999 -9999 -9999 -9999 -9999 -9999 -9999 -9999 -9999 -9999 -9999 -9999 -9999 -9999 -9999 -9999 -9999 -9999 -9999 -9999 -9999 -9999 -9999 -9999 -9999 -9999 -9999 -9999 -9999 -9999 -9999 -9999 -9999 -9999 -9999 -9999 -9999 -9999 -9999 -9999 -9999 -9999 -9999 -9999 -9999
-9999 -9999 -9999 -9999 -9999 -9999 -9999 -9999 -9999 -9999 -9999 -9999 -9999 -9999 -9999 -9999 -9999 -9999 -9999 -9999 -9999 -9999 -9999 -9999 -9999 -9999 -9999 -9999 -9999 -9999 -9999 -9999 -9999 -9999 -9999 -9999 -9999 -9999 -9999 -9999 -9999 -9999 -9999 -9999 -9999 -9999 -9999 -9999 -9999 -9999 -9999 -9999 -9999 -9999 -9999 -9999 -9999 -9999 -9999 -9999 -9999 -9999 -9999 -9999 -9999 -9999 -9999 -9999 -9999 -9999 -9999
-9999 -9999 -9999 -9999 -9999 -9999 -9999 -9999 -9999 -9999 -9999 -9999 -9999 -9999 -9999 -9999 -9999 -9999 -9999 -9999 -9999 -9999 -9999 -9999 -9999 -9999 -9999 -9999 -9999 -9999 -9999 -9999 -9999 -9999 -9999 -9999 -9999 -9999 -9999 -9999 -9999 -9999 -9999 -9999 -9999 -9999 -9999 -9999 -9999 -9999 -9999 -9999 -9999 -9999 -9999 -9999 -9999 -9999 -9999 -9999 -9999 -9999 -9999 -9999 -9999 -9999 -9999 -9999 -9999 -9999 -9999
-9999 -9999 -9999 -9999 -9999 -9999 -9999 -9999 -9999 -9999 -9999 -9999 -9999 -9999 -9999 -9999 -9999 -9999 -9999 -9999 -9999 -9999 -9999 -9999 -9999 -9999 -9999 -9999 -9999 -9999 -9999 -9999 -9999 -9999 -9999 -9999 -9999 -9999 -9999 -9999 -9999 -9999 -9999 -9999 -9999 -9999 -9999 -9999 -9999 -9999 -9999 -9999 -9999 -9999 -9999 -9999 -9999 -9999 -9999 -9999 -9999 -9999 -9999 -9999 -9999 -9999 -9999 -9999 -9999 -9999 -9999
-9999 -9999 -9999 -9999 -9999 -9999 -9999 -9999 -9999 -9999 -9999 -9999 -9999 -9999 -9999 -9999 -9999 -9999 -9999 -9999 -9999 -9999 -9999 -9999 -9999 -9999 -9999 -9999 -9999 -9999 -9999 -9999 -9999 -9999 -9999 -9999 -9999 -9999 -9999 -9999 -9999 -9999 -9999 -9999 -9999 -9999 -9999 -9999 -9999 -9999 -9999 -9999 -9999 -9999 -9999 -9999 -9999 -9999 -9999 -9999 -9999 -9999 -9999 -9999 -9999 -9999 -9999 -9999 -9999 -9999 -9999
0.04407708 -9999 -9999 -9999 -9999 -9999 -9999 -9999 -9999 -9999 -9999 -9999 -9999 -9999 -9999 -9999 -9999 -9999 -9999 -9999 -9999 -9999 -9999 -9999 -9999 -9999 -9999 -9999 -9999 -9999 -9999 -9999 -9999 -9999 -9999 -9999 -9999 -9999 -9999 -9999 -9999 -9999 -9999 -9999 -9999 -9999 -9999 -9999 -9999 -9999 -9999 -9999 -9999 -9999 -9999 -9999 -9999 -9999 -9999 -9999 -9999 -9999 -9999 -9999 -9999 -9999 -9999 -9999 -9999 -9999 -9999
0.04407707 0.04407707 0.04407707 0.04407707 -9999 -9999 -9999 -9999 -9999 -9999 -9999 -9999 -9999 -9999 -9999 -9999 -9999 -9999 -9999 -9999 -9999 -9999 -9999 -9999 -9999 -9999 -9999 -9999 -9999 -9999 -9999 -9999 -9999 -9999 -9999 -9999 -9999 -9999 -9999 -9999 -9999 -9999 -9999 -9999 -9999 -9999 -9999 -9999 -9999 -9999 -9999 -9999 -9999 -9999 -9999 -9999 -9999 -9999 -9999 -9999 -9999 -9999 -9999 -9999 -9999 -9999 -9999 -9999 -9999 -9999 -9999
0.04407707 0.04407708 0.04407707 0.04407707 0.04407707 -9999 -9999 -9999 -9999 -9999 -9999 -9999 -9999 -9999 -9999 -9999 -9999 -9999 -9999 -9999 -9999 -9999 -9999 -9999 -9999 -9999 -9999 -9999 -9999 -9999 -9999 -9999 -9999 -9999 -9999 -9999 -9999 -9999 -9999 -9999 -9999 -9999 -9999 -9999 -9999 -9999 -9999 -9999 -9999 -9999 -9999 -9999 0.0672311 -9999 -9999 -9999 -9999 -9999 -9999 -9999 -9999 -9999 -9999 -9999 -9999 -9999 -9999 -9999 -9999 -9999 -9999
0.04407707 0.04407707 0.04407708 0.04407707 0.04407707 0.04407707 0.04407708 0.04407707 0.04407707 0.04407708 -9999 -9999 -9999 -9999 -9999 -9999 -9999 -9999 -9999 -9999 -9999 -9999 -9999 -9999 -9999 -9999 -9999 -9999 -9999 -9999 -9999 -9999 -9999 0.05945837 0.05945837 0.05945838 0.05945838 0.05945837 0.05945838 -9999 -9999 -9999 -9999 -9999 0.03235914 0.03235914 -9999 -9999 0.03235913 -9999 -9999 -9999 0.0672311 -9999 0.06723109 -9999 -9999 -9999 -9999 -9999 -9999 -9999 -9999 -9999 -9999 -9999 -9999 -9999 -9999 -9999 -9999
0.04407708 0.04407707 0.04407708 0.04407708 0.04407708 0.04407708 0.04407708 0.04407708 0.04407708 0.04407708 -9999 -9999 -9999 -9999 -9999 -9999 -9999 -9999 -9999 -9999 -9999 -9999 -9999 -9999 -9999 -9999 -9999 -9999 -9999 -9999 -9999 0.05945837 0.05945837 0.05945838 0.05945838 0.05945838 0.05945838 0.05945838 0.05945838 0.05945837 0.05945838 0.05170547 0.03235914 0.03235913 0.03235914 0.03235913 0.03235913 -9999 0.03235913 -9999 -9999 -9999 -9999 -9999 -9999 -9999 -9999 -9999 -9999 -9999 -9999 -9999 -9999 -9999 -9999 -9999 -9999 -9999 -9999 -9999 -9999
0.04407708 0.04407707 0.04407707 0.04407708 0.04407707 0.04407707 0.04407708 0.04770246 0.0640872 0.06826099 -9999 0.06826099 0.06826099 -9999 -9999 -9999 0.05467845 -9999 -9999 -9999 -9999 -9999 -9999 -9999 -9999 -9999 -9999 -9999 -9999 -9999 -9999 0.05945838 0.05945838 0.05945838 0.05945838 0.05945838 0.05945838 0.05945837 0.05945838 0.05945838 -9999 -9999 -9999 0.03235913 0.03235914 0.03235914 0.03235913 -9999 -9999 -9999 -9999 -9999 -9999 -9999 -9999 -9999 -9999 -9999 -9999 -9999 -9999 -9999 -9999 -9999 -9999 -9999 -9999 -9999 -9999 -9999 -9999
0.04407707 0.04407707 0.04407708 0.04407707 0.04407708 0.04407708 0.05071806 0.06656603 0.06826099 0.068261 0.06826099 0.068261 0.068261 0.0657789 0.05962616 0.05467845 0.05467845 -9999 0.05467845 0.05467845 0.05467845 0.05467845 0.05467845 0.05467845 0.05467845 0.05467845 -9999 -9999 -9999 -9999 -9999 0.05945838 0.05945838 -9999 -9999 0.05945838 0.05945838 0.05945838 0.05945838 0.05945838 -9999 -9999 -9999 -9999 -9999 -9999 -9999 -9999 -9999 -9999 -9999 -9999 -9999 -9999 -9999 -9999 -9999 -9999 -9999 -9999 -9999 -9999 -9999 -9999 -9999 -9999 -9999 -9999 -9999 -9999 -9999
0.04407708 0.04407707 0.04407707 0.04407707 0.04407708 0.04407707 0.04663461 0.06046586 0.05776167 0.06449587 0.06826099 0.068261 0.06047152 0.05544776 0.05551733 0.0495915 0.04431451 0.05467845 0.05467845 0.05467845 0.05467845 0.05467845 0.05467845 0.05467845 0.05467845 0.05467845 -9999 -9999 -9999 -9999 -9999 -9999 -9999 -9999 -9999 0.05945838 0.05945838 0.05945838 0.05945838 0.05645882 0.04836595 0.03235913 0.03235913 0.03235913 0.03235914 0.03235913 -9999 -9999 -9999 -9999 -9999 -9999 -9999 -9999 -9999 -9999 -9999 -9999 -9999 -9999 -9999 -9999 -9999 -9999 -9999 -9999 -9999 -9999 -9999 -9999 -9999
0.04407707 0.04407707 0.04407707 0.04407707 0.04407707 0.04407707 0.04407707 0.04406283 0.01884611 0.03695329 0.06422269 0.03228382 0.01470882 0.01341255 0.01341255 0.01341255 0.01353296 0.02649083 0.05259817 0.05467845 0.05467845 0.05467845 0.05467845 0.05467845 0.05467845 0.05467845 0.05467845 0.05769732 0.05944791 0.05945837 0.05945838 0.05945837 0.05945838 0.05945837 0.05945838 0.05945837 0.05945838 0.05945838 0.05068675 0.03417677 0.03235913 0.03235913 0.03235913 0.03235913 0.03235913 0.03235913 0.03235913 0.03235913 0.03235913 -9999 0.0672311 0.0672311 0.0672311 0.0672311 0.0672311 -9999 -9999 -9999 -9999 -9999 -9999 -9999 -9999 -9999 -9999 -9999 -9999 -9999 -9999 -9999 -9999
0.04407707 0.04407707 0.04407707 0.04407707 0.04407708 0.03771199 0.02265586 0.016051 0.0134128 0.02173996 0.01987772 0.01348593 0.01341255 0.01341255 0.01341255 0.01341255 0.02811155 0.04016178 0.05436375 0.05467845 0.05467845 0.05467845 0.05467845 0.05467845 0.05467845 0.05467845 0.05467845 0.05467845 0.05758375 0.05921536 0.05945838 0.05945838 0.05945837 0.05945838 0.05945837 0.05945838 0.05829167 0.04319721 0.03276792 0.03235913 0.03235913 0.03235913 0.03235913 0.03235913 0.03235913 0.03235914 0.03235913 0.03235913 0.05466002 0.0672311 0.0672311 0.0672311 0.0672311 0.0672311 0.0672311 0.0672311 0.0672311 0.0672311 0.0672311 -9999 -9999 -9999 -9999 -9999 0.0929698 -9999 0.09296981 0.0929698 -9999 -9999 -9999
0.03457826 0.03464768 0.02899285 0.02454249 0.01869735 0.01612885 0.01341255 0.01341255 0.01341255 0.01341255 0.01341255 0.01341255 0.01341255 0.01341255 0.01341255 0.01784223 0.04470519 0.04735737 0.05355325 0.05464044 0.05411384 0.05467845 0.05467845 0.05467845 0.05467845 0.05467872 0.05468301 0.05472936 0.06362558 0.08605576 0.09230128 0.08874568 0.08093876 0.0618172 0.05945838 0.05945838 0.05944537 0.05842757 0.05446937 0.05470725 0.04851703 0.04881614 0.04318712 0.0440344 0.04810109 0.05365316 0.05953979 0.06075945 0.06652436 0.0686464 0.06745196 0.06724132 0.0672311 0.0672311 0.0672311 0.0672311 0.0672311 0.0672311 0.05612009 0.04465698 0.04465697 0.04465697 0.04465697 0.07916032 0.09296981 0.09296981 0.09296981 0.09296981 0.09296981 0.07654246 0.04539772
0.02126236 0.02126236 0.02045913 0.01341255 0.01341255 0.01341255 0.01341255 0.01341255 0.01341255 0.01341255 0.01341255 0.01341255 0.01341255 0.01341255 0.014188 0.01796712 0.03069378 0.03293682 0.03293682 0.03527315 0.03423084 0.03591955 0.04242453 0.05588431 0.05651765 0.05650666 0.05692785 0.05696051 0.06255126 0.09216979 0.09638991 0.0963899 0.09638991 0.09612961 0.07225219 0.05945838 0.05953974 0.06685044 0.06995746 0.06995746 0.06995746 0.06995746 0.06995746 0.07041443 0.07196484 0.07278005 0.07278005 0.07278004 0.07278004 0.07278004 0.07278004 0.07206386 0.07106803 0.07076492 0.06611269 0.06158542 0.0605402 0.05881625 0.054839 0.04465697 0.04465697 0.04465697 0.04465697 0.07325806 0.09296981 0.09296981 0.0929698 0.0929698 0.09296981 0.08356057 0.04044025
0.02126236 0.02115329 0.01858482 0.01341255 0.01341255 0.01341255 0.01341255 0.01341255 0.01341255 0.01341255 0.01341255 0.01341255 0.01341255 0.01717749 0.02932361 0.03293682 0.03293682 0.03293682 0.03293682 0.03293682 0.03293682 0.03293682 0.0354258 0.05118438 0.05699829 0.05699829 0.06031116 0.07746155 0.09098051 0.09638991 0.0963899 0.0963899 0.09638991 0.0963899 0.08646841 0.05173366 0.04684141 0.05444971 0.05903276 0.06704405 0.06995746 0.06544365 0.0641704 0.06138724 0.07082009 0.07349712 0.07306437 0.07278004 0.07278004 0.07278005 0.07278004 0.07278004 0.07278005 0.0704426 0.04917787 0.04465697 0.04465697 0.04465697 0.04465697 0.04465697 0.04465697 0.04465697 0.04465697 0.04676749 0.05987108 0.06658394 0.07836264 0.06656507 0.04351184 0.03520903 0.03426357
0.02126236 0.02101649 0.1807432 0.2339342 0.32919 0.1683426 0.2304159 0.3015194 0.2967106 0.06585342 0.01341255 0.01341255 0.01341255 0.01341255 0.2150254 0.4118185 0.146963 0.03293682 0.03293682 0.03293682 0.03293682 0.03293682 0.03384043 0.09393816 0.1002858 0.09920704 0.1007228 0.0963899 0.0963899 0.0963899 0.09638991 0.09640007 0.0981352 0.09684613 0.09638993 0.0895845 0.05114234 0.04468898 0.04468898 0.0450442 0.05018349 0.04505495 0.04468898 0.05645855 0.07041556 0.07432471 0.07432406 0.0740388 0.07330852 0.07287592 0.06809052 0.06717427 0.06932986 0.07128185 0.05774069 0.0441664 0.04465697 0.04465697 0.04465697 0.04465697 0.04465697 0.04465697 0.0424464 0.04162434 0.03953289 0.0354826 0.03413998 0.03319116 0.03319116 0.03319116 0.03319116
0.02126236 0.02225189 0.2575093 0.4799632 0.4799632 0.4799632 0.4799632 0.4799632 0.3450857 0.03289106 0.01341255 0.04741956 0.06304904 0.2776423 0.5146747 0.512262 0.4053414 0.1395047 0.03561032 0.03293682 0.03438336 0.06915753 0.08704676 0.1272897 0.1354559 0.135456 0.1351888 0.1197505 0.09715452 0.09907733 0.1021307 0.1060823 0.1074199 0.1072959 0.106987 0.1078381 0.08817501 0.07676752 0.06731655 0.05179327 0.04513932 0.04468899 0.04468899 0.04884656 0.06392717 0.07432471 0.07432471 0.07432471 0.07090597 0.05056652 0.03554944 0.03285045 0.03308849 0.0344634 0.03118617 0.03255454 0.039218 0.04307131 0.04465697 0.04465697 0.04465697 0.0404512 0.03324569 0.03319116 0.03319116 0.03319116 0.03319116 0.03319116 0.03319116 0.03319116 0.03319116
0.02126236 0.05426561 0.2628087 0.3449912 0.4056145 0.4799632 0.4799632 0.4799632 0.4799632 0.4251937 0.3484883 0.4889635 0.4992408 0.4992408 0.4992408 0.5317447 0.5074811 0.4967848 0.4638659 0.3832005 0.36997 0.1514678 0.1354559 0.1354559 0.1354559 0.1354559 0.1354559 0.1354559 0.1204027 0.1074199 0.1074199 0.1074199 0.1074199 0.1074199 0.1074199 0.1079666 0.1116107 0.1133272 0.1133272 0.1133272 0.09960467 0.07528652 0.06518326 0.0550581 0.1067822 0.122797 0.1042969 0.08864383 0.04733089 0.03285044 0.03285045 0.03608007 0.05017569 0.07883788 0.03899227 0.02437264 0.02437264 0.02519671 0.02959238 0.02435901 0.02363904 0.02373875 0.02529327 0.02688992 0.03001235 0.03319116 0.03319116 0.03319116 0.03319116 0.03319116 0.03319116
0.02126236 0.02126236 0.02372751 0.0264638 0.1227011 0.3791792 0.4799632 0.4799632 0.4799632 0.4751259 0.4521197 0.4674355 0.4907442 0.4962118 0.4992408 0.5191514 0.5392871 0.5196985 0.4916117 0.4219067 0.2346923 0.1812094 0.1550771 0.1809414 0.7191576 1.120834 0.898883 0.9197914 0.7440514 0.4080377 0.1167224 0.1074199 0.1074199 0.1074199 0.1074199 0.1081279 0.1114446 0.1133272 0.1133271 0.1133272 0.1133272 0.1450591 0.1787264 0.1783071 0.2219757 0.2408414 0.2405009 0.08616994 0.03285045 0.03285045 0.03285631 0.07657471 0.08462885 0.0787561 0.03872003 0.02437263 0.02437264 0.02437264 0.02322585 0.01929935 0.01929935 0.01929935 0.01929935 0.01929935 0.02087377 0.02990543 0.03319116 0.03319116 0.03319116 0.03319116 0.03319115
0.02126236 0.02126236 0.02410535 0.0266767 0.0266767 0.1789545 0.4799483 0.4799632 0.4799632 0.4795116 0.4603866 0.4493083 0.4493083 0.4495224 0.4559974 0.4723949 0.5227255 0.5385793 0.4153948 0.3253264 0.3326896 0.289136 0.2623786 0.270661 14.70852 28.92049 2.047749 1.555709 1.328212 0.9425856 0.5992107 0.2450989 0.1074199 0.1060595 0.1014681 0.1004974 0.08830599 0.09830858 0.1125207 0.111307 0.1138534 0.1627513 0.1700772 0.16606 0.1917876 0.2955879 0.3082288 0.2699026 0.06504694 0.04271029 0.0575427 0.08408978 0.08330753 0.04785139 0.02437264 0.02437264 0.02437264 0.02437264 0.02216746 0.01929935 0.01929935 0.01929935 0.01929934 0.01929935 0.01940401 0.02351213 0.0421883 0.0449601 0.04749356 0.04937395 0.03581281
0.02164076 0.02436053 0.02661419 0.0266767 0.0266767 0.1105874 0.4293703 0.4801526 0.4839285 0.5072533 0.516057 0.5081888 0.5013701 0.4586164 0.3646396 0.2253208 0.2293091 0.2665098 0.2660671 0.1989253 0.3789538 0.7229307 0.8554233 1.14143 3.603688 13.10401 2.508932 1.436861 1.163352 1.123204 0.7628853 0.2786267 0.09707218 0.09545552 0.08645484 0.06962706 0.0508551 0.05072876 0.0537463 0.052943 0.05851367 0.05214431 0.09128178 0.1415958 0.142508 0.1511738 0.2341777 0.3736335 0.376227 0.1655819 0.08597775 0.09224522 0.08451273 0.03650962 0.02437264 0.02437264 0.02437264 0.02437264 0.02182744 0.01929935 0.01929935 0.02286699 0.0340395 0.04212556 0.05428922 0.06274523 0.06713622 0.06713622 0.06713621 0.06713621 0.05385474
0.02272056 0.02595821 0.0266767 0.0266767 0.0266767 0.07965124 0.4743932 0.5288551 0.530444 0.5310537 0.506458 0.3931519 0.4223704 0.263631 0.1718099 0.1718099 0.1718099 0.1718099 0.1718099 0.1718099 0.2385866 0.5718898 0.2840263 0.2458072 0.3846084 0.7635291 0.9723427 0.5988952 0.3529411 0.1104304 0.09312886 0.09312886 0.09312886 0.09312886 0.06296761 0.05072876 0.05072877 0.05072876 0.05072876 0.05072876 0.05072877 0.06317832 0.1062912 0.1295988 0.1311851 0.1335312 0.2013855 0.2881593 0.1847325 0.1283564 0.1282471 0.1288539 0.1042163 -9999 -9999 0.02437264 0.02437264 0.08846088 0.09771016 0.08850816 0.06188671 0.0677905 0.06713622 0.06713621 0.06713622 0.06713622 0.06713621 0.06713622 0.06713622 -9999 -9999
0.02149983 0.02570518 0.0266767 0.0266767 0.0266767 0.2900484 0.4801617 0.4250243 0.4286927 0.3694402 0.2697496 0.2476201 0.2476201 0.2173882 0.2035613 0.1718099 0.1718099 0.1718099 0.1783196 0.2248511 0.2629848 0.2786259 0.279049 0.279049 0.279049 0.3394573 0.3482333 0.242622 0.09573166 0.07306702 0.07748536 0.06409307 0.0612945 0.05864551 0.05185325 0.05072876 0.05072876 0.05072876 0.05072876 0.05072876 0.05072876 0.05072876 0.05307087 0.1202426 0.1288539 0.1288539 30.18304 3.193352 0.1288539 0.1288539 0.1288539 0.1288539 -9999 -9999 -9999 14.10104 0.1766818 0.07196796 0.09686236 0.09771016 0.08843009 0.06713622 0.06713622 -9999 -9999 -9999 0.06713621 -9999 -9999 -9999 -9999
0.2814916 0.06055743 0.2462081 0.2617798 0.2619083 0.4468636 0.3884099 0.2446205 0.1307806 0.153905 0.2476201 0.2476201 0.2476201 0.2290743 0.2166365 0.1736523 0.1718099 0.1718099 0.1875681 0.4145408 0.4149207 0.279049 0.279049 0.279049 0.279049 0.279049 0.279049 0.2597515 0.08865064 0.01349791 0.01349791 0.01349791 0.01349791 0.01349791 0.03025644 0.04547627 0.05047448 0.05072876 0.05072876 -9999 -9999 -9999 -9999 -9999 -9999 -9999 0.1288539 0.1288539 0.1288539 -9999 -9999 -9999 -9999 0.06219182 0.06219182 0.06219183 0.06417264 0.09181841 0.09771015 0.09771016 0.09771015 -9999 -9999 -9999 -9999 -9999 -9999 -9999 -9999 -9999 -9999
1.734294 1.224881 1.509696 0.6565775 0.4994727 0.461886 0.3868107 0.1289636 0.1256971 0.2065058 0.2476603 0.3056611 0.2607734 0.1957678 0.1597536 0.2291014 0.3602474 0.3439838 0.3716892 0.8576736 0.7133989 0.6455811 0.5178218 0.3063725 0.2870509 0.3001288 0.2822512 0.2152619 0.01467819 0.01349791 0.01349791 0.01349791 0.01349791 0.01349791 0.01349791 0.01468055 0.01562071 -9999 -9999 -9999 -9999 -9999 -9999 -9999 -9999 -9999 -9999 -9999 -9999 -9999 -9999 -9999 0.06219182 0.06219182 0.06219182 0.06415892 0.166254 0.1697262 0.1664024 0.09771015 -9999 -9999 -9999 -9999 -9999 -9999 -9999 -9999 -9999 -9999 -9999
2.384643 1.52449 1.473536 0.5492424 0.5162325 0.3592777 0.2912543 0.2760655 0.2974821 0.4300273 0.5436545 0.4984193 0.1768425 0.166157 0.1597536 0.1755771 0.1897038 0.2650785 0.4352846 0.5714008 0.8199891 0.8620642 0.8620643 0.8577207 0.8497846 0.8608157 0.807216 0.3431127 0.01349791 0.01349791 0.01349791 0.01349791 0.01349791 0.01349791 0.01349791 -9999 -9999 -9999 -9999 1.84013 -9999 -9999 -9999 -9999 -9999 -9999 -9999 -9999 -9999 -9999 -9999 0.06219182 0.06219183 0.07070053 0.08724154 0.1816155 0.2814965 0.2814965 0.2814965 0.2814965 -9999 -9999 -9999 -9999 -9999 -9999 -9999 -9999 -9999 -9999 -9999
0.7352902 0.6915953 0.5873513 0.5562151 0.4915164 7.234875 0.3649207 0.6762305 0.2619881 0.3414373 0.2832278 0.2478913 0.208514 0.2045723 0.133435 0.07114879 0.04283402 0.08172403 0.1846742 0.1847883 5.198577 0.300265 0.4363481 0.4076236 0.4602603 0.374701 0.3483405 0.1331454 0.08773886 0.01998994 0.01984223 0.01875646 0.01489077 0.01991936 0.02299264 -9999 -9999 -9999 -9999 -9999 -9999 -9999 -9999 -9999 -9999 -9999 -9999 -9999 -9999 -9999 -9999 0.1087198 0.09369127 0.0920933 0.2137561 0.3738357 0.4513579 0.3885515 0.2814965 -9999 -9999 0.4748889 0.4748889 -9999 -9999 -9999 -9999 -9999 -9999 -9999 -9999
0.4807334 0.4598424 0.5262839 0.543357 0.5710182 0.400894 1.047787 0.7460554 0.1544362 0.1544362 0.1544656 0.1831697 0.2076219 0.218593 0.08217128 0.07435246 0.2661882 0.5019516 0.5151132 0.7036757 0.2253624 0.2132227 0.1881209 0.1891489 0.1895979 0.1895979 0.1680086 0.07282472 0.02342147 0.02299264 0.02299264 0.02299264 0.02299264 0.02299264 0.02299264 1.048417 1.984933 -9999 1.840131 -9999 -9999 -9999 -9999 -9999 -9999 -9999 -9999 -9999 -9999 -9999 -9999 0.1190369 0.1190369 0.2577312 0.5985533 1.167352 1.499646 1.512515 1.517297 -9999 -9999 -9999 0.474889 0.4748889 0.4748889 -9999 -9999 -9999 -9999 -9999 -9999
4.095333 2.835744 0.8528938 0.7904478 1.890315 1.989776 1.639606 0.4086667 0.4320815 0.4514943 0.2930894 0.2447744 0.4713706 1.403982 1.236234 1.085884 0.9422048 0.888181 4.271168 1.379476 1.337337 1.335556 0.6692511 3.510652 0.1932952 0.2780657 0.2047065 0.1292004 0.074667 0.1223103 0.1220194 0.02299645 0.03579168 0.04349138 0.4016165 1.347769 1.952946 1.93248 1.840131 1.840131 -9999 -9999 -9999 -9999 -9999 -9999 -9999 -9999 -9999 -9999 -9999 0.1190369 0.2624456 1.227622 19.83611 1.517297 1.517297 -9999 -9999 -9999 -9999 -9999 -9999 -9999 -9999 -9999 -9999 -9999 -9999 -9999 -9999
