datasets/children/data/gpw_v4_population_density_adjusted_to_2015_unwpp_country_totals_rev10_2015_1_deg.asc
ncols         360
nrows         145
xllcorner     -180
yllcorner     -60
cellsize      1.0000000000001
NODATA_value  -9999
[rows 0 to 31 of 145, columns 213 to 283 of 360]
-9999 -9999 -9999 -9999 -9999 -9999 -9999 -9999 -9999 -9999 -9999 -9999 -9999 -9999 -9999 -9999 -9999 -9999 -9999 -9999 -9999 -9999 -9999 -9999 -9999 -9999 -9999 -9999 -9999 -9999 -9999 -9999 -9999 -9999 -9999 -9999 -9999 -9999 -9999 -9999 -9999 -9999 -9999 -9999 -9999 -9999 -9999 -9999 -9999 -9999 -9999 -9999 -9999 -9999 -9999 -9999 -9999 -9999 -9999 -9999 -9999 -9999 -9999 -9999 -9999 -9999 -9999 -9999 -9999 -9999 -9999
-9999 -9999 -9999 -9999 -9999 -9999 -9999 -9999 -9999 -9999 -9999 -9999 -9999 -9999 -9999 -9999 -9999 -9999 -9999 -9999 -9999 -9999 -9999 -9999 -9999 -9999 -9999 -9999 -9999 -9999 -9999 -9999 -9999 -9999 -9999 -9999 -9999 -9999 -9999 -9999 -9999 -9999 -9999 -9999 -9999 -9999 -9999 -9999 -9999 -9999 -9999 -9999 -9999 -9999 -9999 -9999 -9999 -9999 -9999 -9999 -9999 -9999 -9999 -9999 -9999 -9999 -9999 -9999 -9999 -9999 -9999
-9999 -9999 -9999 -9999 -9999 -9999 -9999 -9999 -9999 -9999 -9999 -9999 -9999 -9999 -9999 -9999 -9999 -9999 -9999 -9999 -9999 -9999 -9999 -9999 -9999 -9999 -9999 -9999 -9999 -9999 -9999 -9999 -9999 -9999 -9999 -9999 -9999 -9999 -9999 -9999 -9999 -9999 -9999 -9999 -9999 -9999 -9999 -9999 -9999 -9999 -9999 -9999 -9999 -9999 -9999 -9999 -9999 -9999 -9999 -9999 -9999 -9999 -9999 -9999 -9999 -9999 -9999 -9999 -9999 -9999 -9999
-9999 -9999 -9999 -9999 -9999 -9999 -9999 -9999 -9999 -9999 -9999 -9999 -9999 -9999 -9999 -9999 -9999 0.03851692 0.03851693 -9999 -9999 0.03851692 0.03851693 0.03851692 0.03851693 0.03851692 0.03851692 0.03851692 0.03851693 0.03851692 0.03851692 0.03851693 0.03851693 -9999 -9999 -9999 -9999 -9999 -9999 -9999 -9999 -9999 -9999 -9999 -9999 -9999 -9999 -9999 -9999 -9999 -9999 -9999 -9999 -9999 -9999 -9999 -9999 0.04407707 0.04407707 -9999 0.04407708 0.04407707 0.04407707 0.04407707 -9999 -9999 -9999 -9999 -9999 -9999 -9999
-9999 -9999 -9999 0.111981 -9999 -9999 -9999 -9999 -9999 -9999 -9999 0.03851693 0.03851692 0.03851693 0.03851693 0.03851692 0.03851692 0.03851693 0.03851692 0.03851692 0.03851693 0.03851692 0.03851692 0.03851692 0.03851692 0.03851692 0.03851692 0.03851692 0.03851693 0.03851692 0.03851693 0.03851692 0.03851692 -9999 -9999 -9999 -9999 -9999 -9999 -9999 -9999 -9999 -9999 -9999 -9999 0.04407707 0.04407708 -9999 -9999 -9999 -9999 -9999 -9999 -9999 -9999 -9999 -9999 0.04407707 0.04407707 0.04407707 0.04407707 0.04407707 0.04407708 0.04407707 0.04407707 0.04407707 0.04407707 -9999 -9999 -9999 -9999
-9999 -9999 -9999 -9999 -9999 -9999 -9999 -9999 -9999 -9999 -9999 -9999 -9999 -9999 -9999 -9999 -9999 0.03851692 0.03851693 -9999 -9999 -9999 -9999 -9999 -9999 0.03851692 0.03851693 0.03851693 -9999 -9999 -9999 -9999 -9999 -9999 -9999 -9999 -9999 -9999 -9999 -9999 -9999 -9999 -9999 0.04407708 0.04407707 -9999 -9999 -9999 -9999 -9999 -9999 -9999 -9999 -9999 -9999 -9999 -9999 0.04407707 0.04407707 0.04407708 0.04407708 0.04407708 0.04407707 0.04407707 0.04407708 0.04407708 0.04407708 0.04407708 0.04407708 0.04407707 0.04407707
-9999 -9999 -9999 -9999 -9999 -9999 -9999 -9999 -9999 -9999 -9999 -9999 -9999 -9999 -9999 -9999 -9999 -9999 -9999 -9999 -9999 -9999 -9999 -9999 -9999 -9999 -9999 -9999 -9999 -9999 -9999 -9999 -9999 -9999 -9999 -9999 -9999 -9999 -9999 -9999 -9999 -9999 -9999 -9999 -9999 -9999 -9999 -9999 -9999 -9999 -9999 -9999 -9999 -9999 -9999 -9999 -9999 -9999 -9999 -9999 0.04407707 -9999 0.04407708 0.04407707 0.04407708 0.04407707 0.04407708 0.04407708 0.04407707 0.04407708 0.04407707
-9999 -9999 -9999 -9999 -9999 -9999 -9999 -9999 -9999 -9999 -9999 -9999 -9999 -9999 -9999 -9999 -9999 -9999 -9999 -9999 -9999 -9999 -9999 -9999 -9999 -9999 -9999 -9999 -9999 -9999 -9999 -9999 -9999 -9999 0.03851692 -9999 -9999 -9999 -9999 -9999 -9999 -9999 -9999 -9999 -9999 -9999 -9999 -9999 -9999 0.04407707 -9999 -9999 -9999 -9999 -9999 0.04407707 0.04407708 0.04407707 0.04407707 0.04407707 -9999 -9999 0.04407707 0.04407707 -9999 -9999 0.04407707 0.04407707 0.04407707 0.04407707 0.04407708
-9999 -9999 -9999 -9999 -9999 -9999 -9999 -9999 -9999 -9999 -9999 -9999 -9999 -9999 -9999 -9999 -9999 -9999 -9999 -9999 -9999 -9999 -9999 -9999 -9999 0.03851692 0.03851693 0.03851693 0.03851693 0.03851693 0.03851692 0.03851692 0.03851693 0.03851692 0.03851692 0.03851693 0.03851692 -9999 -9999 -9999 -9999 -9999 -9999 -9999 -9999 -9999 -9999 -9999 -9999 -9999 -9999 -9999 -9999 -9999 -9999 0.04407707 0.04407707 -9999 0.04407707 0.04407707 0.04407708 0.04407707 0.04407707 0.04407707 0.04407707 0.04407707 0.04407708 0.04407707 0.04407708 0.04407707 0.04407708
-9999 -9999 -9999 -9999 -9999 -9999 -9999 -9999 -9999 -9999 -9999 -9999 -9999 -9999 -9999 -9999 -9999 -9999 -9999 -9999 -9999 -9999 0.03851692 0.03851693 0.03851692 0.03851692 0.03851692 0.03851693 0.03851692 0.03851692 0.03851693 0.03851693 0.03851693 0.03851693 -9999 -9999 -9999 -9999 -9999 -9999 -9999 -9999 -9999 -9999 -9999 -9999 -9999 -9999 0.04407708 0.04407707 0.04407708 -9999 -9999 0.04407707 0.04407707 0.04407707 0.04407707 0.04407707 0.04407708 0.04407708 0.04407707 0.04407707 0.04407707 0.04407708 0.04407707 0.04407708 0.04407707 0.04407708 0.04407707 0.04407707 0.04407707
-9999 -9999 -9999 -9999 -9999 -9999 -9999 -9999 -9999 -9999 -9999 -9999 -9999 -9999 -9999 -9999 -9999 -9999 -9999 -9999 -9999 0.03851692 0.03851692 0.03851692 0.03851692 0.03851693 0.03851693 0.03851693 -9999 -9999 -9999 -9999 -9999 -9999 -9999 -9999 -9999 -9999 -9999 -9999 -9999 -9999 -9999 -9999 -9999 -9999 0.04407707 -9999 -9999 0.04407707 0.04407708 0.04407707 0.04407707 0.04407708 0.04407707 0.04407708 0.04407707 0.04407707 0.04407708 0.04407708 0.04407708 0.04407707 0.04407707 0.04407707 0.04407707 0.04407707 0.04407707 0.04407707 0.04407707 0.04407708 0.04407707
-9999 -9999 -9999 -9999 -9999 -9999 -9999 -9999 -9999 -9999 -9999 -9999 -9999 -9999 -9999 -9999 -9999 -9999 -9999 -9999 0.03851693 0.03851693 0.03851693 0.03851692 0.03851693 0.03851692 -9999 -9999 -9999 -9999 -9999 -9999 -9999 -9999 -9999 -9999 0.8733786 0.8733787 0.8733787 -9999 -9999 0.8733788 0.8733786 0.8733787 -9999 0.04407707 0.04407708 0.04407707 0.04407707 0.04407708 0.04407707 0.04407708 0.04407708 0.04407707 0.04407708 0.04407707 0.04407707 0.04407708 0.04407707 0.04407707 0.04407707 0.04407707 0.04407707 0.04407707 0.04407708 0.04407707 0.04407707 0.04407707 0.04407707 0.04407707 0.04407708
-9999 -9999 -9999 -9999 -9999 -9999 -9999 -9999 -9999 -9999 -9999 -9999 -9999 -9999 -9999 -9999 -9999 -9999 0.03851692 0.03851692 0.03851692 0.03851693 0.03851692 0.03851693 -9999 -9999 -9999 -9999 -9999 -9999 -9999 -9999 -9999 -9999 -9999 0.8733788 0.8733787 0.8733787 0.8733788 0.8733788 -9999 0.8733787 0.8733787 0.8733787 0.8733787 0.5707215 0.1150638 0.04407707 0.04407707 0.04407707 0.04407707 0.04407707 0.04407707 0.04407707 0.04407707 0.04407707 0.04407707 0.04407708 0.04407707 0.04407707 0.04407707 0.04407707 0.04407707 0.04407708 0.04407707 0.04407707 0.04407708 0.04407708 0.04407707 0.04407707 0.04407707
-9999 -9999 -9999 -9999 -9999 -9999 -9999 -9999 -9999 -9999 -9999 -9999 -9999 -9999 -9999 -9999 -9999 -9999 0.03851692 0.03851692 0.03851693 0.03851692 0.03851693 0.03851693 -9999 -9999 -9999 -9999 -9999 -9999 -9999 -9999 -9999 0.8733787 0.8733788 0.8733787 0.8733787 0.8733787 0.8733788 0.8733788 0.8733787 0.8733787 0.8733787 0.8733787 0.8733787 0.8733787 0.6275842 0.1183561 0.04407707 0.04407707 0.04407707 0.04407707 0.04407707 0.04407708 0.04407707 0.04407707 0.04407708 0.04407708 0.04407707 0.04407707 0.04407707 0.04407707 0.04407707 0.04407707 0.04407707 0.04407707 0.04407707 0.04407707 0.04407707 0.04407707 0.04407707
-9999 -9999 -9999 -9999 -9999 -9999 -9999 -9999 -9999 -9999 -9999 -9999 -9999 -9999 -9999 -9999 -9999 -9999 -9999 0.03851692 0.03851693 0.03851693 0.03851693 0.03851692 0.03851692 0.119173 0.119173 0.119173 -9999 -9999 -9999 -9999 -9999 0.8733788 0.8733788 0.8733787 0.8733787 0.8733786 0.8733786 0.8733786 0.8733788 0.8733788 0.8733787 0.8733788 0.8733788 0.8733787 0.7469331 0.372903 0.04407707 0.04407708 0.04407707 0.04407707 0.04407707 0.04407708 0.04407708 0.04407707 0.04407707 0.04407707 0.04407707 0.04407708 0.04407707 0.04407708 0.04407707 0.04407707 0.04407707 0.04407707 0.04407707 0.04407707 0.04407708 0.04407707 0.04407707
79.2546 1.583601 1.583601 1.466725 -9999 -9999 -9999 -9999 -9999 -9999 -9999 -9999 -9999 -9999 -9999 0.119173 0.119173 0.119173 -9999 -9999 -9999 -9999 -9999 -9999 -9999 0.119173 0.119173 0.119173 0.119173 0.119173 0.119173 0.22234 0.8605073 0.8733786 0.8733787 0.8733787 0.8733787 0.8733786 0.8733787 0.8733787 0.8733787 0.8733788 0.8733788 0.8733787 0.8733788 0.8706418 0.5285212 0.3039739 0.2894727 0.1050071 0.04407707 0.04407707 0.04407707 0.04407707 22.61816 22.10782 0.04407707 0.04407707 0.04407708 0.04407707 0.04407708 0.04377077 0.03753814 0.03270935 0.02828123 0.02636979 0.02450141 0.02803544 0.03023931 0.03428103 0.03600147
62.98272 0.6732361 0.560737 0.2771882 0.2185801 0.2347445 2.346303 -9999 -9999 -9999 0.119173 0.119173 0.119173 0.119173 -9999 0.119173 0.119173 0.119173 0.119173 0.119173 0.119173 0.119173 0.119173 0.119173 0.119173 0.119173 0.119173 0.119173 0.119173 0.119173 0.1403988 1.165572 1.187834 0.8733787 0.8733788 0.8733786 0.8733787 0.8733786 0.8733787 0.8733787 0.8733787 0.8733787 0.8733787 0.8733788 0.8733787 0.8733787 0.8733787 0.8733787 0.8733788 0.553059 0.04728198 0.04407708 0.04514402 0.04667621 1.287804 0.04407708 0.04407707 0.04407707 0.04407708 0.04163523 0.03425654 0.02709065 0.02126236 0.02126236 0.02126236 0.02126236 0.02126236 0.02126236 0.02126236 0.02126236 0.02126236
16.6313 4.267344 0.2355929 0.2185801 0.2185801 0.2185801 0.357295 0.3203396 0.2718386 -9999 0.119173 0.119173 0.119173 0.119173 0.119173 0.119173 0.119173 0.119173 0.1192958 0.8386973 4.44192 0.1196994 0.1197137 0.1197421 0.1197668 0.1197742 0.1196271 0.1197512 0.2737654 1.436812 3.228462 4.188343 3.161264 1.031312 0.8733788 0.8733787 0.8733788 0.8733787 0.8733787 0.8733787 0.8733787 0.8733787 0.8733788 0.8733787 0.8733788 0.8733788 0.8733787 0.8733787 0.8452432 0.2769309 0.08396058 0.06301543 0.08239392 0.08656035 0.06911594 0.06286168 0.06410345 0.06164083 0.03380213 0.02168506 0.02126236 0.02126236 0.02126236 0.02126236 0.02126236 0.02126236 0.02126236 0.02126236 0.02126236 0.02126236 0.02126236
0.7944671 0.4152288 0.3212171 0.3135563 0.3026575 0.2808833 0.2760807 0.2293597 0.2756152 0.2985004 0.2985004 0.1942656 0.1448509 0.1235946 0.1195156 0.1398983 0.1637794 0.2113298 0.2673098 0.2975516 0.57202 1.433415 1.481362 1.481363 1.481362 1.418836 1.08662 1.08623 1.105499 2.591121 2.750582 1.735453 0.9273206 0.8733788 0.8733788 0.8733787 0.8733788 0.8733787 0.8733786 0.8733787 0.8733788 0.8733787 0.8733788 0.8733787 0.8733788 0.8733787 0.8733787 0.8733787 0.8733788 0.8617932 0.2563913 0.09196546 0.09196546 0.09196545 0.09196546 0.09168059 0.05989635 0.03178972 0.02126236 0.02126236 0.02126236 0.02126236 0.02126236 0.02126236 0.02126236 0.02126235 0.02126236 0.02126236 0.02126236 0.02126236 0.02126236
1.548599 1.929405 1.233479 1.230936 1.230936 -9999 1.230936 1.178761 0.748723 0.4474586 0.3918153 0.3069687 0.2907178 0.2840271 0.2655315 0.2882403 0.2925244 0.29755 0.2975516 0.3356616 0.9049557 1.061112 1.601442 1.714641 1.752085 1.75746 1.308107 1.168395 1.994087 1.820319 0.8733787 0.8733788 0.8733787 0.8733787 0.8733788 0.8733788 0.8733787 0.8733788 0.8733788 0.8733787 0.8733788 0.8733788 0.8733788 0.8733787 0.8733787 0.8733787 0.8733788 0.8733788 0.8733787 0.8733788 0.7857237 0.3219197 0.09196546 0.09196546 0.09196546 0.08540137 0.03405825 0.02126236 0.02126236 0.02126236 0.02126236 0.02126236 0.02126236 0.02126236 0.02126236 0.02126236 0.02126236 0.02126236 0.02126236 0.02126235 0.02126236
2.079701 1.9809 1.505378 1.314082 1.321896 2.382889 53.40976 89.96868 1.33998 1.159865 0.9362596 0.7733495 0.4389505 0.3521166 0.3672162 0.3569312 0.4067787 0.4664152 0.6996955 3.564214 2.701035 1.775599 2.194789 1.494467 1.185988 1.163669 1.776672 3.169105 3.207571 2.870759 1.797273 1.854246 2.167367 2.087213 1.103308 1.444093 1.82969 1.326467 0.8733787 0.8733787 0.8733788 0.8733787 0.8733786 0.8733787 0.8733787 0.8733788 0.8733788 0.8733788 0.8733787 0.8733787 0.8733787 0.8330423 0.6699849 0.09215552 0.09196546 0.09196545 0.07742434 0.05941603 0.04420843 0.02187448 0.02126236 0.02126236 0.02126236 0.02126236 0.02126236 0.02126236 0.02126236 0.02126236 0.02126236 0.02126236 0.02126236
3.24045 4.023333 3.021016 1.732743 1.481568 1.483996 1.598998 2.133202 2.082387 1.437321 1.056809 0.91658 0.836778 0.7741209 0.5651457 0.5347705 0.5556424 0.8014706 0.8950403 3.602967 7.494053 3.772702 2.179121 0.8277372 0.5255134 0.5028775 2.08855 3.207571 3.207571 3.207571 3.207571 3.207571 3.207571 3.207571 3.207571 3.207571 3.207571 3.051097 2.04908 1.648486 1.511593 1.068013 1.08316 0.910004 0.8733787 0.8733788 0.8733787 1.003538 0.893021 0.8733787 0.8733787 0.8733788 0.4412596 0.09196546 0.09196546 0.09196546 0.09196546 0.09196546 0.08107568 0.02473408 0.02126236 0.02126236 0.02126236 0.02126236 0.02126236 0.02126236 0.02126236 0.02126236 0.02126236 0.02126236 0.02126236
5.239684 5.379938 2.371623 1.759859 1.728444 1.822696 1.866261 4.968018 3.249444 1.324987 1.263484 0.9795807 0.8232814 0.8844162 0.8119977 0.9747277 2.986642 2.15217 0.9498475 0.9401129 2.50108 3.078354 0.7109582 0.3287362 0.3287362 0.3287362 1.860949 3.207571 3.207571 3.207571 3.207571 3.207571 3.207571 3.207571 3.207571 3.207571 3.207571 3.207571 3.207571 3.207571 3.207571 3.207571 3.207571 3.184886 2.451304 2.147189 2.339836 3.068349 2.798815 2.584291 2.028915 1.073578 0.1775519 0.09196546 0.09196545 0.09196546 0.09196546 0.06812636 0.03078875 0.02126236 0.02126236 0.02126236 0.02126236 0.02126236 0.02126236 0.02126236 0.02126236 0.02126236 0.02126236 0.02126236 0.02126236
3.74245 59.64391 4.221967 1.882919 1.918862 1.863118 2.29938 3.377336 4.559218 3.824805 2.660253 2.236943 2.361681 14.32086 8.92036 1.683816 2.878664 42.20806 1.873716 0.9672505 1.008824 0.9520006 0.946038 0.7555664 0.7415874 0.7944974 1.203012 1.73606 1.983774 2.71783 3.207571 3.207571 3.207571 3.207571 3.207571 3.207571 3.207571 3.207571 3.207571 3.207571 3.207571 3.207571 3.207571 3.207571 3.207571 3.207571 3.207571 3.207571 3.207571 3.207571 3.168501 2.880144 1.292472 0.1533692 0.1481007 0.1368905 0.09274392 0.07766242 0.02231054 0.04841449 0.05017024 0.04639903 0.02495947 0.02126236 0.02126236 0.02126236 0.02126236 0.02126236 0.02126236 0.02126236 0.02126236
8.52389 6.254935 3.135773 2.434975 2.506989 2.723609 3.262069 3.211138 2.961783 3.340363 2.541064 1.993639 5.05226 5.888961 3.570268 2.303052 1.594717 1.139156 1.077422 2.959401 3.223328 3.235029 1.576909 1.331597 1.356736 1.384385 6.893564 4.644317 2.167759 0.8260648 2.782262 3.207571 3.207571 3.207571 3.207571 3.207571 3.207571 3.207571 3.207571 3.207571 3.207571 3.207571 3.207571 2.90053 8.200496 0.9262309 1.131467 1.045458 1.319643 1.05617 0.3817207 0.4486992 0.2518668 0.2518669 0.2518668 0.2518668 0.2374368 0.2153645 0.1941673 0.2244631 0.2320245 0.2306468 0.06579143 0.02126236 0.02126236 0.02126236 0.06454014 0.02153536 0.02126236 0.02126236 0.02126236
7.80417 8.057546 4.798459 3.675538 51.00948 12.83786 57.84307 9.843191 4.769627 2.871073 1.927417 2.260833 2.79335 2.777855 2.278612 2.930977 4.035332 1.952794 2.55368 3.857037 3.169492 3.449521 3.320075 44.49185 5.987579 6.429048 5.100161 19.86092 7.928067 0.5767312 0.6246021 2.13899 2.98493 3.207571 2.958817 1.963316 0.6724811 0.7663297 1.19686 2.455561 3.207168 3.207571 2.919751 1.282167 0.2799024 0.2857419 0.2826948 0.2633359 0.2664808 0.3064995 0.718565 0.4400765 0.3878415 0.3935291 0.3395562 0.2807793 0.2518669 0.2518669 0.2438511 0.2327127 0.2320382 0.406133 0.5520675 0.4956385 0.5913975 0.6901573 0.8161816 0.5519743 0.4654 0.2738414 0.06604607
10.82973 9.214358 5.772697 5.305873 6.181095 7.373995 9.261747 7.571507 9.521384 5.767398 3.129331 5.204459 8.053768 3.407938 3.428375 9.756375 84.89107 20.03199 6.293843 22.63731 7.209309 9.781991 20.79415 38.13263 20.15091 10.63359 28.99342 13.41974 5.655315 3.452472 2.275361 1.476115 4.553142 2.333144 1.579693 19.07593 0.8329676 1.04113 0.6525069 0.4570964 1.019435 1.852023 1.003283 0.2596424 0.2720229 0.2866307 0.2995863 0.4036468 1.290716 2.1429 2.411878 0.5331275 0.4363396 0.7100022 0.6184394 0.2917768 0.2518669 0.2518668 0.2518669 13.06529 1.109995 0.8582708 0.8737451 0.8845557 0.8845556 0.8387354 0.7092779 0.649478 0.6066386 7.74596 0.4875191
9.84073 22.56017 13.48909 8.394044 14.26622 41.87346 108.067 79.479 45.86964 24.23137 5.797234 6.58225 8.949418 10.54381 7.231313 9.322841 9.081065 5.14885 5.514347 10.78862 21.72034 15.42252 78.8877 89.44958 14.7163 18.58262 56.96176 38.59938 34.96526 14.0479 11.34528 6.823361 108.5862 6.148992 3.177099 1.756381 1.656489 1.806128 1.559427 1.361691 2.428589 2.927637 2.049079 0.4885813 0.4339236 0.4347415 0.750614 0.6316606 1.115731 1.414922 2.362051 3.546143 4.998673 1.39455 0.9477506 0.6203051 0.7860516 0.784121 0.9395811 1.722443 2.050299 1.295497 1.38905 1.555836 1.60782 2.327416 1.318059 1.007472 0.5092421 7.723264 1.987637
4.827035 15.35879 65.7957 52.5997 128.3736 85.0249 28.39013 90.5424 67.94691 23.7223 242.399 67.50281 10.60322 15.06108 136.6178 29.77865 20.97518 20.53583 17.68462 26.81912 127.2235 46.14211 14.29603 12.85035 14.43778 10.41191 25.30054 249.7437 51.01585 21.24591 19.45897 6.688404 11.42909 16.0555 6.235215 5.812249 14.89786 4.126642 2.758613 2.327734 2.915553 4.525063 3.072574 1.820655 1.814809 0.9781783 1.015639 0.8212169 0.9091793 1.261905 4.451983 56.32827 63.19999 13.69798 6.544564 5.626078 5.403027 25.91345 3.354685 73.14574 46.26249 14.93321 18.72023 4.166199 3.813282 2.410927 1.388096 1.605592 41.63357 1.902217 2.390064
13.20034 14.30782 21.31984 108.8241 2181.031 264.8359 55.69838 24.4951 21.09852 41.71109 38.24422 21.03132 16.12498 26.69633 43.50524 73.4174 200.9971 24.93578 64.66667 112.5883 19.40573 22.63659 22.41915 12.85422 12.75811 14.322 30.62852 46.6055 206.1014 9.26926 7.538785 9.481131 55.14625 5.325857 4.794462 8.418918 17.31365 4.401194 6.65363 8.271808 69.49249 7.721215 5.933181 4.746713 6.268188 7.248762 3.089808 2.367905 4.027427 93.03136 34.48873 21.24592 31.26336 70.58103 3.724957 4.771943 12.30583 7.081902 3.043553 57.51274 8.157083 7.355426 2.639593 3.405192 2.818163 1.983693 1.378921 1.763314 2.002827 1.904249 1.104307
16.49697 12.28565 18.97064 70.95464 135.8375 61.36478 96.59863 13.70517 18.40485 13.32286 27.32221 19.8337 64.44019 19.87144 17.58236 134.7446 29.84186 19.26519 21.05185 42.51512 48.95891 28.9489 67.23277 127.9587 13.89672 18.79966 28.31737 21.73334 48.06065 7.078357 4.845878 6.310999 4.25527 3.390224 3.942772 13.18812 12.97338 4.128659 9.044502 10.40773 116.5813 10.73774 5.652866 3.878582 5.990021 5.396897 4.284181 4.469515 6.586672 69.1722 98.82465 7.666464 18.5575 49.70784 4.706386 5.709757 4.612529 4.328992 4.203075 2.14744 2.053229 1.892485 1.594965 1.427072 1.653592 1.464208 1.462098 8.070374 2.938907 7.212976 0.7917016
18.32367 86.93826 13.28653 25.93394 28.18079 41.61224 22.02691 17.06349 16.77146 12.9033 17.16426 46.4934 68.77139 26.82114 13.79163 44.7263 181.7971 171.2627 22.26786 19.35361 10.58524 12.65365 68.67922 27.17794 7.646315 32.74757 43.56042 10.18606 5.619009 8.441855 35.66522 9.038118 3.331644 2.975113 3.979892 6.988063 16.24884 7.333424 2.036769 1.610735 2.735388 3.736394 2.251343 2.694129 5.109236 8.570498 6.593425 4.925189 11.40605 8.809529 110.9977 13.92833 5.810032 43.2001 90.13009 10.7025 5.196098 5.210494 57.0367 3.039355 1.623423 1.566455 1.14965 0.7546276 0.783992 1.180012 1.397805 2.027175 2.806155 8.877224 14.157
