datasets/children/data/gpw_v4_population_density_adjusted_to_2015_unwpp_country_totals_rev10_2015_1_deg.asc
ncols         360
nrows         145
xllcorner     -180
yllcorner     -60
cellsize      1.0000000000001
NODATA_value  -9999
[rows 32 to 63 of 145, columns 142 to 212 of 360]
-9999 -9999 -9999 -9999 -9999 -9999 -9999 -9999 -9999 -9999 -9999 -9999 -9999 -9999 -9999 -9999 -9999 -9999 -9999 -9999 -9999 -9999 -9999 -9999 -9999 -9999 -9999 18.08272 35.0904 52.34309 47.60835 61.98355 43.03859 56.41622 27.99736 307.3472 682.5688 265.8794 152.7334 228.3699 -9999 -9999 1209.48 510.9353 256.5472 170.2235 231.0371 247.4208 175.6484 90.43951 64.06009 595.5638 57.11574 66.61002 156.5531 108.5085 107.5117 100.6929 230.3509 248.1915 61.14102 77.94242 27.26231 24.64475 38.18912 32.51045 15.79898 34.54292 69.49876 52.46473 28.57698
-9999 -9999 -9999 -9999 -9999 -9999 -9999 -9999 -9999 -9999 -9999 -9999 -9999 -9999 -9999 -9999 -9999 -9999 -9999 -9999 -9999 -9999 -9999 -9999 -9999 -9999 -9999 12.33681 16.54317 155.2612 70.70937 -9999 65.47258 141.8535 332.0184 317.1349 210.2728 1440.676 699.6798 509.627 465.2607 363.8046 679.5485 461.8796 722.8935 728.1671 211.4438 160.1918 114.2954 135.4158 198.9935 154.2298 102.4566 96.71001 153.8817 137.7951 92.1001 208.4278 87.65132 117.2828 130.3657 42.03261 36.83403 33.60291 35.03931 19.32881 18.26715 13.98126 16.03732 64.95393 20.83641
-9999 -9999 -9999 -9999 -9999 -9999 -9999 -9999 -9999 -9999 -9999 -9999 -9999 -9999 -9999 -9999 -9999 -9999 -9999 -9999 -9999 -9999 -9999 -9999 -9999 -9999 -9999 -9999 -9999 -9999 -9999 -9999 243.9267 146.8373 168.6682 152.8891 758.8488 588.14 376.4857 152.7932 207.4117 435.6286 501.3213 278.2994 295.621 351.9637 453.7643 126.2754 127.2924 134.7761 206.2636 130.7453 305.6891 145.7645 138.2872 98.479 305.0618 323.0331 155.2741 136.6285 108.2534 69.36787 68.76836 79.68196 86.76031 43.43651 72.71214 37.3126 486.1048 39.3071 33.07528
-9999 -9999 -9999 -9999 -9999 -9999 -9999 -9999 -9999 -9999 -9999 -9999 -9999 -9999 -9999 -9999 -9999 -9999 -9999 -9999 -9999 -9999 -9999 -9999 -9999 -9999 -9999 -9999 -9999 -9999 -9999 135.3896 87.04748 -9999 -9999 767.2385 95.85577 180.8628 140.3535 151.903 213.1348 82.05848 70.5369 78.85742 258.5588 190.1208 492.8807 195.9529 155.2748 195.3282 91.34322 84.61491 99.86182 78.80679 147.3922 141.0947 255.3306 166.6345 152.4944 113.2418 68.12317 143.9216 131.5469 87.03014 62.55813 54.52237 106.0815 34.28773 66.52731 54.69809 74.41284
-9999 -9999 -9999 -9999 -9999 -9999 -9999 -9999 -9999 -9999 -9999 -9999 -9999 -9999 -9999 -9999 -9999 -9999 -9999 -9999 -9999 -9999 -9999 -9999 -9999 -9999 -9999 -9999 -9999 -9999 -9999 -9999 41.80706 173.5621 60.21738 97.12946 144.5825 57.60429 58.53091 124.1279 1307.428 55.1217 50.53506 34.98663 102.6399 235.8468 259.2649 419.4579 199.0259 398.6058 135.1669 104.1339 133.856 65.34319 327.1049 173.6524 109.0519 74.78419 94.52084 121.4463 103.8389 76.44421 101.0227 112.2584 84.39824 63.78893 52.09045 45.23186 49.36828 28.68093 52.28003
-9999 -9999 -9999 -9999 -9999 -9999 -9999 -9999 -9999 -9999 -9999 -9999 -9999 -9999 -9999 -9999 -9999 -9999 -9999 -9999 -9999 -9999 -9999 -9999 -9999 -9999 -9999 -9999 -9999 -9999 -9999 -9999 -9999 210.9104 167.586 136.1264 154.0367 102.3321 103.0141 81.35078 55.37057 36.56317 26.68382 71.5014 102.9736 293.895 407.8599 231.3247 84.27441 111.347 88.92066 74.83606 31.90095 93.24551 104.9136 84.07401 160.9978 322.6263 68.8416 121.3432 69.5884 71.4603 46.5292 38.59989 100.5755 117.8855 146.7268 63.28744 21.88991 29.53762 24.186
-9999 -9999 -9999 -9999 -9999 -9999 -9999 -9999 -9999 -9999 -9999 -9999 -9999 -9999 -9999 -9999 -9999 -9999 -9999 -9999 -9999 -9999 -9999 -9999 -9999 -9999 -9999 -9999 -9999 -9999 -9999 -9999 -9999 -9999 -9999 121.7553 131.1964 66.47071 55.35112 33.38582 30.05511 42.65073 87.42984 63.29824 256.6155 139.1597 56.12737 51.98674 24.32313 96.5263 40.98795 67.63675 123.1515 116.7118 86.6276 55.58439 85.66108 68.26457 73.92471 66.96362 26.72724 87.29463 74.51994 39.77995 86.06141 60.60237 104.4475 88.92886 239.8306 62.73878 134.716
-9999 -9999 -9999 -9999 -9999 -9999 -9999 -9999 -9999 -9999 -9999 -9999 -9999 -9999 -9999 -9999 -9999 -9999 -9999 -9999 -9999 -9999 -9999 -9999 -9999 -9999 -9999 -9999 -9999 -9999 -9999 -9999 -9999 -9999 -9999 -9999 83.16832 68.67284 56.55449 64.79832 18.50068 81.99355 311.4831 188.8628 64.03179 240.5216 300.6222 764.4272 260.2456 300.8945 382.0537 171.2938 65.83282 115.2134 97.22272 46.30019 74.83165 104.6696 59.75005 78.55265 36.13276 49.15297 66.17357 103.3442 59.90393 86.5153 88.35534 31.16167 35.11893 -9999 22.95037
-9999 -9999 -9999 -9999 -9999 -9999 -9999 -9999 -9999 -9999 -9999 -9999 -9999 -9999 -9999 -9999 -9999 -9999 -9999 -9999 -9999 -9999 -9999 -9999 -9999 -9999 -9999 -9999 -9999 -9999 -9999 -9999 -9999 -9999 -9999 -9999 69.6209 139.1613 58.26995 42.28099 38.82687 18.83622 101.4936 30.42398 20.25196 100.6473 225.0338 100.0061 201.9806 198.6151 273.5586 239.0593 25.11226 31.15205 37.9525 86.24961 112.3519 81.54843 263.4883 44.18301 42.85189 74.54999 87.1165 116.4113 366.2712 123.3577 85.71236 2.912592 -9999 -9999 -9999
-9999 -9999 -9999 -9999 -9999 -9999 -9999 -9999 -9999 -9999 -9999 -9999 -9999 -9999 -9999 -9999 -9999 -9999 -9999 -9999 -9999 -9999 -9999 -9999 -9999 -9999 -9999 -9999 52.07281 186.5131 35.72204 24.14492 174.7414 45.35611 187.4816 365.3297 129.0229 67.92073 44.77417 174.9698 62.36863 179.5485 207.3165 356.0247 121.3674 458.922 453.6843 19.81299 251.0333 187.3869 117.2162 222.1674 -9999 54.22828 81.24913 60.44508 71.38818 33.84281 69.74436 99.41559 32.81127 42.14217 53.63077 56.86658 54.82552 79.58081 46.76834 -9999 -9999 -9999 -9999
-9999 -9999 -9999 -9999 -9999 -9999 -9999 -9999 -9999 -9999 -9999 -9999 -9999 -9999 -9999 -9999 -9999 -9999 -9999 -9999 -9999 -9999 -9999 -9999 -9999 -9999 -9999 -9999 105.7163 155.8386 38.88932 20.24113 35.28737 11.87768 28.33095 72.44007 64.56709 12.73066 10.40709 26.58457 78.90092 161.833 -9999 -9999 422.722 -9999 18.47928 41.08244 119.0375 56.37019 129.5792 88.5787 260.6723 209.1032 42.63967 30.23017 48.65306 61.76611 131.3572 147.0639 32.41191 188.7541 89.02221 60.85632 38.79834 58.16576 18.70836 -9999 -9999 -9999 -9999
-9999 -9999 -9999 -9999 -9999 -9999 -9999 -9999 -9999 -9999 -9999 -9999 -9999 -9999 -9999 -9999 -9999 -9999 -9999 -9999 -9999 -9999 -9999 -9999 -9999 -9999 -9999 -9999 -9999 398.7943 40.55645 12.16975 19.81198 64.6505 10.50643 8.270943 40.34598 66.30539 48.47945 212.8838 1090.217 314.9962 -9999 -9999 -9999 -9999 91.08752 26.00168 -9999 4.479279 1074.288 137.5451 130.9411 85.71529 433.2529 432.4209 -9999 288.1243 77.17876 87.79871 49.05598 42.73082 39.72629 49.18497 47.03519 93.22814 2336.694 1826.233 79.53387 190.1497 82.76028
-9999 -9999 -9999 -9999 -9999 -9999 -9999 -9999 -9999 -9999 -9999 -9999 -9999 -9999 -9999 -9999 -9999 -9999 -9999 -9999 -9999 -9999 -9999 -9999 -9999 -9999 -9999 -9999 -9999 149.7776 47.27897 13.68125 35.27052 54.90219 693.3931 7.749415 10.88164 17.15841 66.22607 -9999 -9999 153.3789 46.8511 -9999 -9999 -9999 68.21886 39.9809 -9999 -9999 364.4752 1196.329 1419.573 76.20661 70.00864 248.7156 309.3741 111.4178 36.72031 36.79662 190.8396 44.88963 67.86844 56.77438 55.18742 81.64938 431.2783 762.7116 147.9764 60.86105 155.781
-9999 -9999 -9999 -9999 -9999 -9999 28.31801 -9999 -9999 72.48544 61.53003 -9999 -9999 -9999 -9999 -9999 -9999 -9999 -9999 -9999 -9999 -9999 -9999 -9999 -9999 -9999 -9999 -9999 160.6582 83.60825 17.34023 27.87018 14.86201 31.39994 43.37473 21.19895 19.23243 334.3322 1609.789 126.1724 347.9052 124.9687 159.0247 -9999 -9999 -9999 74.17439 107.2286 -9999 -9999 -9999 -9999 -9999 92.83183 95.65942 172.4647 288.0922 168.3349 45.37106 29.33086 58.54907 42.44746 15.98019 29.82079 70.90445 95.65992 40.78999 51.23783 98.54475 12.14062 341.2085
-9999 -9999 -9999 -9999 -9999 -9999 -9999 -9999 -9999 45.49472 111.0386 -9999 -9999 -9999 -9999 -9999 -9999 -9999 -9999 -9999 -9999 -9999 -9999 -9999 -9999 -9999 -9999 -9999 1476.47 48.48954 25.37214 40.24022 15.01503 18.4284 37.70185 11.2815 62.01566 280.02 423.6206 285.8491 -9999 -9999 -9999 -9999 -9999 -9999 21.65726 75.8357 -9999 -9999 340.4691 1199.021 185.7659 303.8991 145.5167 119.6606 -9999 -9999 55.77066 64.81489 40.13978 283.0777 30.59651 8.750767 143.5408 440.2195 75.78444 54.4106 58.02752 31.01306 51.80421
-9999 -9999 -9999 -9999 -9999 -9999 -9999 -9999 -9999 -9999 -9999 -9999 184.2628 -9999 -9999 -9999 -9999 -9999 -9999 -9999 -9999 -9999 -9999 -9999 -9999 -9999 -9999 -9999 -9999 47.0132 41.13316 95.72184 129.9511 88.11865 95.09173 18.5942 134.6842 419.0205 -9999 -9999 -9999 -9999 -9999 -9999 288.2646 64.61639 81.72842 188.5999 240.8696 122.8943 145.3502 98.09844 88.13943 465.4802 56.33696 -9999 -9999 -9999 92.91737 43.50529 41.25467 884.9943 70.59534 57.67663 61.16788 134.6672 67.27746 88.83393 102.923 30.63281 88.84692
-9999 -9999 -9999 -9999 -9999 -9999 -9999 -9999 -9999 -9999 -9999 -9999 60.4302 -9999 -9999 -9999 -9999 -9999 -9999 -9999 -9999 -9999 -9999 -9999 -9999 -9999 -9999 -9999 -9999 -9999 28.29662 302.3151 94.74928 351.1786 86.77525 211.8206 65.95575 -9999 249.8302 266.4829 480.2106 644.9146 249.5331 306.5042 303.7974 224.8319 94.86317 79.68301 548.9964 290.1364 36.66445 -9999 216.8716 186.8135 -9999 -9999 -9999 -9999 -9999 34.69036 21.55614 24.77061 27.34026 39.46444 41.50342 49.01657 97.02438 49.29267 211.3984 58.71369 48.44979
-9999 -9999 -9999 -9999 -9999 -9999 -9999 -9999 -9999 -9999 -9999 -9999 -9999 -9999 -9999 -9999 -9999 -9999 -9999 -9999 -9999 -9999 -9999 -9999 -9999 -9999 -9999 -9999 -9999 -9999 -9999 340.9433 327.0057 91.91216 158.9517 406.4577 190.5225 333.5322 189.7152 114.4233 55.61525 47.03282 82.79462 118.0183 107.7163 85.53823 74.65491 65.54147 222.5612 277.7986 245.144 -9999 1528.573 -9999 -9999 -9999 -9999 -9999 -9999 -9999 -9999 37.74022 75.00368 116.5703 28.44231 14.74011 -9999 -9999 -9999 -9999 39.71101
-9999 -9999 -9999 -9999 -9999 -9999 -9999 -9999 -9999 -9999 -9999 -9999 -9999 -9999 -9999 -9999 -9999 -9999 -9999 -9999 -9999 -9999 -9999 -9999 -9999 -9999 -9999 -9999 -9999 -9999 -9999 406.3819 199.8756 163.4079 43.3671 64.60244 127.4313 25.63718 31.70688 13.57649 37.96492 81.01918 22.79899 65.29968 14.78904 13.48111 40.72647 40.28905 175.1339 100.5901 -9999 -9999 -9999 -9999 -9999 -9999 -9999 -9999 -9999 -9999 -9999 4.393838 12.73759 24.89588 6.216292 -9999 -9999 -9999 -9999 -9999 81.144
-9999 -9999 -9999 -9999 -9999 -9999 -9999 -9999 -9999 -9999 -9999 -9999 -9999 -9999 -9999 -9999 -9999 -9999 -9999 -9999 -9999 120.3952 -9999 -9999 -9999 -9999 -9999 -9999 -9999 263.9326 783.4541 169.6465 157.3288 51.70219 14.3464 2.94389 3.682168 11.52291 7.184517 7.912951 22.55234 11.78947 5.883046 25.81344 54.86034 11.50453 9.992789 18.51196 83.3065 46.36612 -9999 -9999 -9999 -9999 -9999 -9999 -9999 -9999 -9999 -9999 -9999 -9999 -9999 -9999 -9999 -9999 -9999 -9999 -9999 -9999 -9999
-9999 -9999 -9999 -9999 -9999 -9999 -9999 -9999 -9999 -9999 -9999 -9999 -9999 -9999 -9999 -9999 -9999 -9999 -9999 -9999 116.0392 531.6559 -9999 -9999 -9999 -9999 -9999 -9999 275.3401 106.4824 92.48057 160.2112 41.24543 20.81785 5.599984 1.883429 5.555358 9.088503 5.237081 2.95712 2.882413 20.50644 19.98225 9.288303 9.430331 0.8782799 0.9663202 2.408891 9.269748 24.66497 70.10875 212.4191 38.121 20.56982 -9999 -9999 -9999 55.14643 39.6983 23.70452 8.631335 4.974074 2.18733 -9999 -9999 -9999 -9999 -9999 -9999 -9999 -9999
-9999 -9999 -9999 -9999 -9999 -9999 -9999 -9999 -9999 -9999 -9999 -9999 -9999 -9999 -9999 -9999 -9999 -9999 -9999 -9999 -9999 -9999 -9999 -9999 -9999 -9999 -9999 -9999 73.51865 91.19334 177.4661 41.1432 27.02323 31.0276 3.408809 10.40936 11.17889 0.5834364 0.4497925 4.392965 1.950356 1.429338 6.055325 6.595165 0.4792605 0.0953468 0.09534681 0.3516183 1.341888 2.264862 4.36498 12.82936 20.4529 11.2157 2.076686 2.076685 -9999 55.14643 49.90775 25.65611 8.187247 2.558825 2.290895 4.332102 20.06164 60.51176 18.98417 6457.987 1743.024 1344.009 626.0438
-9999 -9999 -9999 -9999 -9999 -9999 -9999 -9999 -9999 -9999 -9999 -9999 -9999 -9999 -9999 -9999 -9999 -9999 -9999 -9999 -9999 -9999 -9999 -9999 -9999 -9999 -9999 -9999 235.2443 48.92189 14.96452 23.04358 18.38159 0.7120364 0.7153279 1.570541 0.8372605 0.7321774 0.6826779 1.263795 1.355189 1.328948 0.7674025 0.708557 0.612343 0.1128056 0.1244053 0.4839561 1.471121 1.760913 4.36498 5.693007 8.788198 2.076686 2.076686 2.076686 1.924924 1.003365 1.003365 1.003365 1.661874 2.133871 1.927911 0.002189977 -9999 0.4488461 2.433566 74.88148 632.3267 2813.659 164.1825
-9999 -9999 -9999 -9999 -9999 -9999 -9999 -9999 -9999 -9999 -9999 -9999 -9999 -9999 -9999 -9999 -9999 -9999 -9999 -9999 -9999 -9999 -9999 -9999 79.68219 -9999 -9999 72.9862 37.0805 5.86167 3.75593 1.003122 0.7677279 0.08539272 0.09467444 0.8219115 0.8873511 2.899034 2.389265 2.5098 0.7811167 0.7395361 0.6672002 0.3485202 0.1068405 0.1079153 0.1569905 0.573808 1.595186 1.749078 4.36498 4.36498 2.825355 1.195811 1.387088 1.666605 1.687942 1.003365 1.003365 1.003365 1.003365 2.116863 1.982023 1.500513 1.296453 -9999 -9999 -9999 354.097 690.5642 43.80894
-9999 -9999 -9999 -9999 -9999 -9999 -9999 -9999 -9999 -9999 -9999 -9999 -9999 -9999 -9999 -9999 -9999 -9999 -9999 52.65099 97.85153 434.8719 1009.281 51.97167 137.0366 0.711553 20.4719 6.044861 2.648234 0.9492378 0.1477776 0.05461401 0.05461401 0.06505612 0.09127431 0.3706811 1.221134 5.476294 2.079349 1.069472 0.7904158 0.5782749 0.1823919 0.1212705 0.09752879 0.09752879 0.182402 0.5058531 0.9491193 0.9079427 0.9704595 0.9630422 0.8029516 0.5506715 0.4966904 0.5222213 0.9798433 0.9724882 1.003365 1.003365 1.003365 1.969945 2.056759 -9999 0.02013413 -9999 3.26609 0.6379905 407.745 7.176115 2.470589
-9999 -9999 -9999 -9999 -9999 -9999 -9999 -9999 -9999 -9999 -9999 -9999 -9999 -9999 -9999 -9999 -9999 -9999 -9999 36.60497 42.14085 933.7882 288.6945 -9999 113.7116 1.090654 0.1602725 0.07709068 0.05566756 0.5998113 0.9024462 0.8350589 0.2745913 0.05461401 0.09564343 2.026678 2.192047 6.936768 1.547237 1.251317 0.6935622 0.1516985 0.1312117 0.1177008 0.1156502 0.2154596 0.3346154 0.5308828 0.6401313 0.8267163 0.9408253 1.237487 3.075783 5.886143 0.9118882 0.4966904 0.4966904 0.9062597 0.9862148 0.9921604 0.9935473 0.9847204 0.9692931 -9999 -9999 0.9589658 0.4564856 -9999 306.412 208.9561 0.3903229
-9999 -9999 -9999 -9999 -9999 -9999 -9999 -9999 -9999 -9999 -9999 -9999 -9999 -9999 -9999 -9999 -9999 -9999 -9999 -9999 -9999 -9999 -9999 29.03722 2.573369 0.09921242 5.665373 0.009640511 0.008026623 0.04442505 0.3854739 0.8677366 0.954479 0.7544674 0.3850367 0.7837037 0.7351711 0.4726515 2.038351 2.42109 0.6925188 0.5941213 0.09841347 0.1043144 0.1846665 0.3316398 0.3316398 0.3844671 0.5093483 1.205546 2.380789 2.434659 4.239254 1.070806 0.3800156 0.4705812 0.4571185 0.1882384 0.1268361 0.1268361 0.1268361 0.1268361 0.1268358 -9999 -9999 1.507593 -9999 -9999 -9999 451.1423 196.6562
-9999 -9999 -9999 -9999 -9999 -9999 -9999 -9999 -9999 -9999 -9999 -9999 -9999 -9999 -9999 -9999 -9999 -9999 -9999 -9999 -9999 -9999 -9999 0.06946392 0.04377536 0.03017878 0.05060977 0.05062506 0.05059194 0.05062268 0.05066347 0.1040807 0.4149645 0.2236442 0.2115066 0.2128368 0.2128634 0.2128634 0.2128634 0.3853193 0.2965642 0.4111019 0.05271465 0.09489533 0.1631707 0.2772647 0.2276461 0.3568193 0.5070639 1.017486 0.9609438 0.3947834 0.3099848 0.3099848 0.3099848 0.3099848 0.3099848 0.1580308 0.1268361 0.1268361 0.1268361 0.1268361 0.1268358 -9999 -9999 -9999 7.262524 1.653767 7.802085 -9999 262.192
-9999 -9999 -9999 -9999 -9999 -9999 -9999 -9999 -9999 -9999 -9999 -9999 -9999 -9999 -9999 -9999 -9999 -9999 -9999 -9999 -9999 -9999 0.483171 0.08564971 0.01668148 0.0120843 0.02981709 0.02981704 0.02981698 0.02981692 0.02981686 0.0787552 0.1248299 0.1420585 0.1889569 0.2036459 0.2058138 0.2081237 0.2106254 0.1593284 0.05271186 0.05271186 0.05271186 0.08273849 0.1029713 0.1098599 0.1730276 0.3460436 0.408206 0.3717483 0.3099848 0.3099848 0.3099848 0.3099848 0.3099848 0.3099848 0.3099848 0.1588395 0.1268361 0.1268361 0.1268361 0.1268361 0.1268358 -9999 -9999 -9999 -9999 -9999 1.194626 -9999 70.31225
-9999 -9999 -9999 -9999 -9999 -9999 -9999 -9999 -9999 -9999 -9999 -9999 -9999 -9999 -9999 -9999 -9999 -9999 -9999 -9999 -9999 4.822322 13.49544 0.09202692 0.002691269 0.01164772 0.0298143 0.0298143 0.0298143 0.03050859 0.03478365 0.07198194 0.1248299 0.1248299 0.1263108 0.1616192 0.2002332 0.2028891 0.2028891 0.1365137 0.09320055 0.08441374 0.09251954 1.152462 0.1237778 0.09205433 0.2312007 0.1925029 0.3153484 0.2729293 0.2102069 0.2734728 0.3099828 0.2969864 0.2787173 0.3099848 0.3099848 0.1596483 0.126836 0.126836 0.126836 0.126836 0.1268358 -9999 -9999 -9999 -9999 -9999 0.4801384 -9999 16.77511
-9999 -9999 -9999 -9999 -9999 -9999 -9999 -9999 -9999 -9999 -9999 -9999 -9999 -9999 -9999 -9999 -9999 -9999 -9999 -9999 -9999 0.2666163 0.1871311 0.02920679 0.0035272 4.420377 0.0298143 0.02982817 0.03257423 0.03666024 0.03716894 0.08864667 0.1231022 0.1248299 0.1248299 0.1248299 0.1365045 0.1843929 0.2028891 0.1701901 0.1464326 0.1464326 0.1963354 2.607617 1.19037 0.0588615 0.0588615 0.08627134 0.261372 0.06671222 0.06641258 0.0719898 0.1136643 0.2488518 0.1718992 0.2035672 0.271029 0.1602948 0.126836 0.126836 0.126836 0.126836 0.1268358 0.001604861 0.001978429 0.002253239 0.002316494 0.001616109 0.002170676 1.153428 0.01080006
-9999 -9999 -9999 -9999 -9999 -9999 -9999 -9999 -9999 -9999 -9999 -9999 -9999 -9999 -9999 -9999 -9999 -9999 -9999 -9999 32.97392 0.2594468 0.1410995 0.1905534 0.1962022 0.1664434 0.0331789 0.0352265 0.03716894 0.03716894 0.04693845 0.1142685 0.1223868 0.1248299 0.1248299 0.1248299 0.1248299 0.1309683 0.1784563 0.2665218 0.1491436 0.1417016 0.6158036 2.697247 1.465483 0.1152925 0.1674451 0.2749427 0.2806745 0.06641258 0.06641258 0.06641258 0.06641258 0.2121215 0.225605 0.1682025 0.1682025 0.1600707 0.139153 0.1277578 0.1268361 0.1268361 0.1268364 0.3242249 0.3242276 0.3242276 0.3242276 0.3242252 0.3242276 0.3242276 2.024015
